#ALMA number counts from Shark (Lagos et al. 2019). 
#Columns:
#1) log10(S/mJy) 
#2) N_total(>S)/area [deg^-2]
#3) N_disk(>S)/area [deg^-2]
#4) N_bulge(>S)/area [deg^-2]
#band 8
-2.0 257698.780164 220649.413168 93228.9138743
-1.75 221167.664327 183261.95054 81005.2100171
-1.5 181542.049549 141961.043581 69230.174694
-1.25 140306.2762 99637.396596 57655.7900374
-1.0 102458.043711 63338.1931853 46196.901862
-0.75 70664.1818522 36134.7974026 34952.2190249
-0.5 44428.8625077 17376.8519433 24400.4260948
-0.25 24411.8748985 6429.54140221 15427.9155579
0.0 11827.8599849 1878.167355 8674.33741781
0.25 5120.96686318 489.807111167 4185.21994843
0.5 1919.27627204 133.678130679 1655.68684508
0.75 602.100300151 36.7785405018 530.115205153
1.0 164.672949086 9.90647784485 145.987077702
1.25 44.9647317748 3.44057314372 38.6767877535
1.5 12.6945284958 1.15674441901 10.7073009042
1.75 3.91513495665 0.296601133079 3.32193269049
2.0 1.09742419239 0.0889803399238 0.978783739162
2.25 0.237280906463 0.0593202266159 0.118640453232
2.5 0.0296601133079 0.0 0.0296601133079
2.75 0.0 0.0 0.0