#ALMA number counts from Shark (Lagos et al. 2019). 
#Columns:
#1) log10(S/mJy) 
#2) N_total(>S)/area [deg^-2]
#3) N_disk(>S)/area [deg^-2]
#4) N_bulge(>S)/area [deg^-2]
#band 6
-2.0 160923.910764 123307.116139 65619.5304605
-1.75 124300.374014 84501.2179126 55041.8739116
-1.5 89449.5629163 49520.5251789 44562.718599
-1.25 59289.5580587 23647.0888769 34203.4494644
-1.0 36027.9023542 8862.26389573 24225.0458448
-0.75 19986.2597318 2572.98516935 15234.9765208
-0.5 9789.05345626 613.519443775 8152.97194608
-0.25 4071.29545321 129.525714816 3598.03868527
0.0 1392.00843777 24.6178940456 1273.36798454
0.25 374.963152439 4.03377540988 350.107977487
0.5 82.158513863 0.800823059314 77.5018760736
0.75 18.7748517239 0.326261246387 17.0842252654
1.0 3.55921359695 0.0889803399238 3.23295235056
1.25 1.30504498555 0.0 1.15674441901
1.5 0.237280906463 0.0 0.207620793156
1.75 0.0296601133079 0.0 0.0296601133079
2.0 0.0 0.0 0.0
2.25 0.0 0.0 0.0
2.5 0.0 0.0 0.0
2.75 0.0 0.0 0.0