# Counts predicted by the Béthermin et al. (2012) model
# 1: Snu [Jy]
# 2: dN/dSnu total [gal/Jy/sr]
# 3: N(>Snu) total [gal/sr]
# 4: dN/dSnu main sequence [gal/Jy/sr]
# 5: dN/dSnu starburst [gal/Jy/sr]
# 6: dN/dSnu lensed galaxies [gal/Jy/sr]
# 7: dN/dSnu lensed main sequence [gal/Jy/sr]
# 8: dN/dSnu lensed starburst [gal/Jy/sr]
1.00000E-08  1.81084E+16  1.25816E+09  1.75362E+16  5.72195E+14  3.31224E+13  3.20303E+13  1.09205E+12
1.12202E-08  1.59126E+16  1.23741E+09  1.54098E+16  5.02800E+14  2.91041E+13  2.81446E+13  9.59561E+11
1.25893E-08  1.39832E+16  1.21681E+09  1.35413E+16  4.41824E+14  2.55734E+13  2.47303E+13  8.43147E+11
1.41254E-08  1.22878E+16  1.19650E+09  1.18995E+16  3.88246E+14  2.24711E+13  2.17302E+13  7.40857E+11
1.58489E-08  1.07980E+16  1.17647E+09  1.04569E+16  3.41167E+14  1.97452E+13  1.90942E+13  6.50979E+11
1.77828E-08  9.48901E+15  1.15672E+09  9.18921E+15  2.99799E+14  1.73500E+13  1.67780E+13  5.72005E+11
1.99526E-08  8.33877E+15  1.13725E+09  8.07532E+15  2.63450E+14  1.52454E+13  1.47428E+13  5.02613E+11
2.23872E-08  7.32807E+15  1.11806E+09  7.09655E+15  2.31511E+14  1.33962E+13  1.29546E+13  4.41642E+11
2.51189E-08  6.43994E+15  1.09913E+09  6.23649E+15  2.03445E+14  1.17713E+13  1.13833E+13  3.88067E+11
2.81838E-08  5.65954E+15  1.08046E+09  5.48076E+15  1.78784E+14  1.03436E+13  1.00026E+13  3.40993E+11
3.16228E-08  4.97378E+15  1.06206E+09  4.81667E+15  1.57114E+14  9.08907E+12  8.78944E+12  2.99630E+11
3.54814E-08  4.37119E+15  1.04391E+09  4.23312E+15  1.38073E+14  7.98675E+12  7.72346E+12  2.63286E+11
3.98107E-08  3.84169E+15  1.02601E+09  3.72035E+15  1.21341E+14  7.01817E+12  6.78682E+12  2.31351E+11
4.46684E-08  3.37639E+15  1.00837E+09  3.26975E+15  1.06638E+14  6.16709E+12  5.96380E+12  2.03291E+11
5.01187E-08  2.96751E+15  9.90964E+08  2.87379E+15  9.37191E+13  5.41926E+12  5.24063E+12  1.78635E+11
5.62341E-08  2.60821E+15  9.73803E+08  2.52585E+15  8.23663E+13  4.76215E+12  4.60518E+12  1.56970E+11
6.30958E-08  2.29247E+15  9.56880E+08  2.22008E+15  7.23902E+13  4.18476E+12  4.04682E+12  1.37934E+11
7.07946E-08  2.01502E+15  9.40190E+08  1.95139E+15  6.36239E+13  3.67741E+12  3.55620E+12  1.21207E+11
7.94328E-08  1.77119E+15  9.23730E+08  1.71527E+15  5.59205E+13  3.23160E+12  3.12509E+12  1.06509E+11
8.91251E-08  1.55692E+15  9.07497E+08  1.50777E+15  4.91511E+13  2.83987E+12  2.74628E+12  9.35948E+10
1.00000E-07  1.36862E+15  8.91486E+08  1.32542E+15  4.32023E+13  2.49565E+12  2.41341E+12  8.22468E+10
1.12202E-07  1.20315E+15  8.75695E+08  1.16517E+15  3.79747E+13  2.19319E+12  2.12091E+12  7.22754E+10
1.25893E-07  1.05772E+15  8.60118E+08  1.02434E+15  3.33808E+13  1.92741E+12  1.86390E+12  6.35136E+10
1.41254E-07  9.29914E+14  8.44754E+08  9.00570E+14  2.93436E+13  1.69387E+12  1.63805E+12  5.58146E+10
1.58489E-07  8.17592E+14  8.29598E+08  7.91796E+14  2.57958E+13  1.48865E+12  1.43960E+12  4.90495E+10
1.77828E-07  7.18875E+14  8.14646E+08  6.96197E+14  2.26778E+13  1.30832E+12  1.26521E+12  4.31049E+10
1.99526E-07  6.32114E+14  7.99896E+08  6.12176E+14  1.99376E+13  1.14985E+12  1.11197E+12  3.78813E+10
2.23872E-07  5.55860E+14  7.85344E+08  5.38330E+14  1.75294E+13  1.01060E+12  9.77312E+11  3.32913E+10
2.51189E-07  4.88837E+14  7.70985E+08  4.73424E+14  1.54129E+13  8.88238E+11  8.58980E+11  2.92579E+10
2.81838E-07  4.29928E+14  7.56817E+08  4.16375E+14  1.35528E+13  7.80710E+11  7.54996E+11  2.57137E+10
3.16228E-07  3.78147E+14  7.42836E+08  3.66229E+14  1.19178E+13  6.86218E+11  6.63618E+11  2.25993E+10
3.54814E-07  3.32632E+14  7.29038E+08  3.22151E+14  1.04808E+13  6.03180E+11  5.83318E+11  1.98625E+10
3.98107E-07  2.92623E+14  7.15421E+08  2.83405E+14  9.21782E+12  5.30209E+11  5.12751E+11  1.74576E+10
4.46684E-07  2.57452E+14  7.01979E+08  2.49344E+14  8.10764E+12  4.66081E+11  4.50737E+11  1.53442E+10
5.01187E-07  2.26533E+14  6.88710E+08  2.19401E+14  7.13179E+12  4.09726E+11  3.96239E+11  1.34871E+10
5.62341E-07  1.99351E+14  6.75610E+08  1.93077E+14  6.27398E+12  3.60200E+11  3.48345E+11  1.18551E+10
6.30958E-07  1.75453E+14  6.62675E+08  1.69933E+14  5.51990E+12  3.16674E+11  3.06253E+11  1.04209E+10
7.07946E-07  1.54441E+14  6.49901E+08  1.49584E+14  4.85700E+12  2.78422E+11  2.69262E+11  9.16053E+09
7.94328E-07  1.35966E+14  6.37286E+08  1.31692E+14  4.27421E+12  2.44803E+11  2.36750E+11  8.05292E+09
8.91251E-07  1.19721E+14  6.24824E+08  1.15959E+14  3.76183E+12  2.15256E+11  2.08177E+11  7.07953E+09
1.00000E-06  1.05435E+14  6.12513E+08  1.02123E+14  3.31134E+12  1.89287E+11  1.83063E+11  6.22408E+09
1.12202E-06  9.28708E+13  6.00347E+08  8.99556E+13  2.91523E+12  1.66462E+11  1.60990E+11  5.47226E+09
1.25893E-06  8.18209E+13  5.88324E+08  7.92540E+13  2.56692E+12  1.46401E+11  1.41589E+11  4.81151E+09
1.41254E-06  7.21018E+13  5.76439E+08  6.98411E+13  2.26063E+12  1.28767E+11  1.24536E+11  4.23080E+09
1.58489E-06  6.35523E+13  5.64687E+08  6.15610E+13  1.99126E+12  1.13267E+11  1.09546E+11  3.72040E+09
1.77828E-06  5.60309E+13  5.53065E+08  5.42765E+13  1.75435E+12  9.96415E+10  9.63697E+10  3.27180E+09
1.99526E-06  4.94134E+13  5.41569E+08  4.78674E+13  1.54596E+12  8.76641E+10  8.47866E+10  2.87750E+09
2.23872E-06  4.35905E+13  5.30193E+08  4.22278E+13  1.36266E+12  7.71348E+10  7.46039E+10  2.53092E+09
2.51189E-06  3.84662E+13  5.18933E+08  3.72648E+13  1.20140E+12  6.78782E+10  6.56519E+10  2.22627E+09
2.81838E-06  3.39561E+13  5.07784E+08  3.28966E+13  1.05952E+12  5.97400E+10  5.77815E+10  1.95848E+09
3.16228E-06  2.99860E+13  4.96742E+08  2.90514E+13  9.34672E+11  5.25847E+10  5.08617E+10  1.72308E+09
3.54814E-06  2.64907E+13  4.85800E+08  2.56659E+13  8.24803E+11  4.62933E+10  4.47772E+10  1.51613E+09
3.98108E-06  2.34130E+13  4.74955E+08  2.26849E+13  7.28102E+11  4.07612E+10  3.94270E+10  1.33419E+09
4.46684E-06  2.07024E+13  4.64200E+08  2.00594E+13  6.42979E+11  3.58964E+10  3.47222E+10  1.17424E+09
5.01187E-06  1.83146E+13  4.53530E+08  1.77466E+13  5.68034E+11  3.16182E+10  3.05846E+10  1.03361E+09
5.62341E-06  1.62108E+13  4.42939E+08  1.57088E+13  5.02039E+11  2.78554E+10  2.69455E+10  9.09956E+08
6.30958E-06  1.43567E+13  4.32421E+08  1.39128E+13  4.43915E+11  2.45459E+10  2.37446E+10  8.01224E+08
7.07946E-06  1.27223E+13  4.21969E+08  1.23296E+13  3.92711E+11  2.16346E+10  2.09290E+10  7.05607E+08
7.94328E-06  1.12810E+13  4.11577E+08  1.09334E+13  3.47593E+11  1.90735E+10  1.84520E+10  6.21519E+08
8.91251E-06  1.00097E+13  4.01237E+08  9.70183E+12  3.07827E+11  1.68203E+10  1.62727E+10  5.47564E+08
1.00000E-05  8.88774E+12  3.90944E+08  8.61498E+12  2.72767E+11  1.48375E+10  1.43550E+10  4.82514E+08
1.12202E-05  7.89727E+12  3.80689E+08  7.65542E+12  2.41846E+11  1.30927E+10  1.26674E+10  4.25293E+08
1.25893E-05  7.02238E+12  3.70465E+08  6.80782E+12  2.14565E+11  1.15571E+10  1.11821E+10  3.74953E+08
1.41254E-05  6.24916E+12  3.60264E+08  6.05867E+12  1.90484E+11  1.02053E+10  9.87464E+09  3.30664E+08
1.58489E-05  5.56531E+12  3.50079E+08  5.39609E+12  1.69218E+11  9.01522E+09  8.72353E+09  2.91693E+08
1.77828E-05  4.96003E+12  3.39902E+08  4.80960E+12  1.50427E+11  7.96730E+09  7.70990E+09  2.57396E+08
1.99526E-05  4.42382E+12  3.29724E+08  4.29001E+12  1.33811E+11  7.04438E+09  6.81717E+09  2.27210E+08
2.23872E-05  3.94830E+12  3.19540E+08  3.82919E+12  1.19108E+11  6.23140E+09  6.03076E+09  2.00638E+08
2.51189E-05  3.52611E+12  3.09341E+08  3.42002E+12  1.06086E+11  5.51510E+09  5.33785E+09  1.77243E+08
2.81838E-05  3.15077E+12  2.99121E+08  3.05623E+12  9.45430E+10  4.88381E+09  4.72717E+09  1.56642E+08
3.16228E-05  2.81659E+12  2.88875E+08  2.73229E+12  8.42994E+10  4.32729E+09  4.18879E+09  1.38497E+08
3.54814E-05  2.51856E+12  2.78598E+08  2.44336E+12  7.51985E+10  3.83652E+09  3.71401E+09  1.22512E+08
3.98108E-05  2.25233E+12  2.68287E+08  2.18522E+12  6.71026E+10  3.40359E+09  3.29517E+09  1.08427E+08
4.46684E-05  2.01406E+12  2.57941E+08  1.95416E+12  5.98912E+10  3.02152E+09  2.92551E+09  9.60117E+07
5.01187E-05  1.80042E+12  2.47561E+08  1.74696E+12  5.34586E+10  2.68418E+09  2.59912E+09  8.50653E+07
5.62341E-05  1.60851E+12  2.37149E+08  1.56080E+12  4.77124E+10  2.38617E+09  2.31076E+09  7.54103E+07
6.30958E-05  1.43584E+12  2.26712E+08  1.39327E+12  4.25721E+10  2.12275E+09  2.05586E+09  6.68912E+07
7.07946E-05  1.28024E+12  2.16259E+08  1.24227E+12  3.79677E+10  1.88975E+09  1.83038E+09  5.93708E+07
7.94328E-05  1.13984E+12  2.05801E+08  1.10600E+12  3.38381E+10  1.68348E+09  1.63075E+09  5.27288E+07
8.91251E-05  1.01304E+12  1.95354E+08  9.82909E+11  3.01302E+10  1.50072E+09  1.45387E+09  4.68592E+07
1.00000E-04  8.98461E+11  1.84937E+08  8.71663E+11  2.67978E+10  1.33863E+09  1.29696E+09  4.16688E+07
1.12202E-04  7.94921E+11  1.74570E+08  7.71120E+11  2.38011E+10  1.19471E+09  1.15764E+09  3.70757E+07
1.25893E-04  7.01395E+11  1.64278E+08  6.80290E+11  2.11052E+10  1.06677E+09  1.03376E+09  3.30081E+07
1.41254E-04  6.16992E+11  1.54090E+08  5.98312E+11  1.86798E+10  9.52877E+08  9.23475E+08  2.94026E+07
1.58489E-04  5.40930E+11  1.44034E+08  5.24432E+11  1.64983E+10  8.51347E+08  8.25143E+08  2.62036E+07
1.77828E-04  4.72518E+11  1.34142E+08  4.57981E+11  1.45374E+10  7.60700E+08  7.37337E+08  2.33624E+07
1.99526E-04  4.11134E+11  1.24447E+08  3.98358E+11  1.27765E+10  6.79642E+08  6.58806E+08  2.08362E+07
2.23872E-04  3.56215E+11  1.14981E+08  3.45018E+11  1.11974E+10  6.07045E+08  5.88458E+08  1.85874E+07
2.51189E-04  3.07242E+11  1.05780E+08  2.97458E+11  9.78357E+09  5.41923E+08  5.25340E+08  1.65831E+07
2.81838E-04  2.63734E+11  9.68752E+07  2.55214E+11  8.52041E+09  4.83420E+08  4.68626E+08  1.47945E+07
3.16228E-04  2.25242E+11  8.82986E+07  2.17848E+11  7.39449E+09  4.30791E+08  4.17595E+08  1.31963E+07
3.54814E-04  1.91341E+11  8.00801E+07  1.84948E+11  6.39359E+09  3.83390E+08  3.71624E+08  1.17665E+07
3.98107E-04  1.61631E+11  7.22467E+07  1.56124E+11  5.50652E+09  3.40659E+08  3.30173E+08  1.04859E+07
4.46684E-04  1.35730E+11  6.48221E+07  1.31007E+11  4.72293E+09  3.02112E+08  2.92774E+08  9.33753E+06
5.01188E-04  1.13276E+11  5.78266E+07  1.09243E+11  4.03326E+09  2.67331E+08  2.59024E+08  8.30684E+06
5.62341E-04  9.39283E+10  5.12760E+07  9.04997E+10  3.42863E+09  2.35954E+08  2.28573E+08  7.38099E+06
6.30958E-04  7.73615E+10  4.51814E+07  7.44607E+10  2.90079E+09  2.07664E+08  2.01116E+08  6.54880E+06
7.07946E-04  6.32703E+10  3.95493E+07  6.08283E+10  2.44206E+09  1.82188E+08  1.76388E+08  5.80056E+06
7.94328E-04  5.13683E+10  3.43811E+07  4.93230E+10  2.04527E+09  1.59283E+08  1.54155E+08  5.12774E+06
8.91252E-04  4.13886E+10  2.96730E+07  3.96848E+10  1.70380E+09  1.38733E+08  1.34210E+08  4.52290E+06
1.00000E-03  3.30844E+10  2.54168E+07  3.16730E+10  1.41148E+09  1.20346E+08  1.16367E+08  3.97952E+06
1.12202E-03  2.62289E+10  2.15994E+07  2.50663E+10  1.16261E+09  1.03946E+08  1.00455E+08  3.49182E+06
1.25893E-03  2.06158E+10  1.82037E+07  1.96639E+10  9.51945E+08  8.93718E+07  8.63171E+07  3.05471E+06
1.41254E-03  1.60592E+10  1.52091E+07  1.52845E+10  7.74678E+08  7.64715E+07  7.38078E+07  2.66365E+06
1.58489E-03  1.23929E+10  1.25917E+07  1.17664E+10  6.26429E+08  6.51034E+07  6.27889E+07  2.31454E+06
1.77828E-03  9.47012E+09  1.03254E+07  8.96689E+09  5.03233E+08  5.51334E+07  5.31297E+07  2.00369E+06
1.99526E-03  7.16244E+09  8.38228E+06  6.76092E+09  4.01521E+08  4.64337E+07  4.47060E+07  1.72773E+06
2.23872E-03  5.35867E+09  6.73334E+06  5.04056E+09  3.18112E+08  3.88831E+07  3.73995E+07  1.48356E+06
2.51189E-03  3.96358E+09  5.34913E+06  3.71339E+09  2.50183E+08  3.23665E+07  3.10982E+07  1.26830E+06
2.81838E-03  2.89651E+09  4.20036E+06  2.70126E+09  1.95258E+08  2.67753E+07  2.56961E+07  1.07929E+06
3.16228E-03  2.08991E+09  3.25843E+06  1.93874E+09  1.51176E+08  2.20077E+07  2.10936E+07  9.14038E+05
3.54814E-03  1.48776E+09  2.49587E+06  1.37169E+09  1.16069E+08  1.79681E+07  1.71979E+07  7.70219E+05
3.98107E-03  1.04417E+09  1.88679E+06  9.55840E+08  8.83333E+07  1.45683E+07  1.39226E+07  6.45658E+05
4.46684E-03  7.22001E+08  1.40714E+06  6.55394E+08  6.66063E+07  1.17268E+07  1.11885E+07  5.38323E+05
5.01188E-03  4.91516E+08  1.03502E+06  4.41779E+08  4.97369E+07  9.36931E+06  8.92298E+06  4.46324E+05
5.62341E-03  3.29249E+08  7.50785E+05  2.92487E+08  3.67615E+07  7.42828E+06  7.06037E+06  3.67909E+05
6.30958E-03  2.16925E+08  5.37152E+05  1.90045E+08  2.68794E+07  5.84285E+06  5.54139E+06  3.01457E+05
7.07946E-03  1.40542E+08  3.79226E+05  1.21110E+08  1.94321E+07  4.55867E+06  4.31319E+06  2.45484E+05
7.94328E-03  8.95481E+07  2.64424E+05  7.56664E+07  1.38817E+07  3.52750E+06  3.32887E+06  1.98630E+05
8.91252E-03  5.61404E+07  1.82350E+05  4.63470E+07  9.79341E+06  2.70693E+06  2.54726E+06  1.59667E+05
1.00000E-02  3.46661E+07  1.24618E+05  2.78466E+07  6.81942E+06  2.05998E+06  1.93250E+06  1.27483E+05
1.12202E-02  2.11179E+07  8.46189E+04  1.64337E+07  4.68419E+06  1.55473E+06  1.45365E+06  1.01084E+05
1.25893E-02  1.27217E+07  5.72791E+04  9.54944E+06  3.17223E+06  1.16392E+06  1.08434E+06  7.95872E+04
1.41254E-02  7.60240E+06  3.87997E+04  5.48544E+06  2.11697E+06  8.64518E+05  8.02305E+05  6.22127E+04
1.58489E-02  4.52454E+06  2.64089E+04  3.13301E+06  1.39153E+06  6.37306E+05  5.89028E+05  4.82776E+04
1.77828E-02  2.69389E+06  1.81349E+04  1.79327E+06  9.00619E+05  4.66469E+05  4.29280E+05  3.71892E+04
1.99526E-02  1.61228E+06  1.26074E+04  1.03850E+06  5.73779E+05  3.39153E+05  3.10716E+05  2.84365E+04
2.23872E-02  9.74417E+05  8.89562E+03  6.14617E+05  3.59800E+05  2.45065E+05  2.23481E+05  2.15841E+04
2.51189E-02  5.96955E+05  6.37859E+03  3.74862E+05  2.22093E+05  1.76074E+05  1.59811E+05  1.62633E+04
2.81838E-02  3.71681E+05  4.64842E+03  2.36677E+05  1.35004E+05  1.25847E+05  1.13680E+05  1.21661E+04
3.16228E-02  2.35486E+05  3.43973E+03  1.54604E+05  8.08821E+04  8.95171E+04  8.04801E+04  9.03701E+03
3.54814E-02  1.51811E+05  2.58050E+03  1.03986E+05  4.78249E+04  6.33924E+04  5.67257E+04  6.66676E+03
3.98107E-02  9.94869E+04  1.95899E+03  7.15174E+04  2.79695E+04  4.47042E+04  3.98185E+04  4.88568E+03
4.46684E-02  6.61744E+04  1.50200E+03  4.99455E+04  1.62289E+04  3.13977E+04  2.78400E+04  3.55771E+03
5.01188E-02  4.45980E+04  1.16093E+03  3.52158E+04  9.38228E+03  2.19634E+04  1.93883E+04  2.57502E+03
5.62341E-02  3.03989E+04  9.03028E+02  2.49651E+04  5.43377E+03  1.53007E+04  1.34476E+04  1.85307E+03
6.30958E-02  2.09185E+04  7.05785E+02  1.77458E+04  3.17268E+03  1.06130E+04  9.28668E+03  1.32627E+03
7.07946E-02  1.45070E+04  5.53494E+02  1.26269E+04  1.88007E+03  7.32699E+03  6.38264E+03  9.44353E+02
7.94328E-02  1.01220E+04  4.34993E+02  8.98469E+03  1.13729E+03  5.03238E+03  4.36326E+03  6.69123E+02
8.91252E-02  7.09436E+03  3.42222E+02  6.38942E+03  7.04947E+02  3.43659E+03  2.96470E+03  4.71889E+02
1.00000E-01  4.98779E+03  2.69267E+02  4.53968E+03  4.48117E+02  2.33181E+03  2.00052E+03  3.31286E+02
1.12202E-01  3.51333E+03  2.11716E+02  3.22182E+03  2.91513E+02  1.57083E+03  1.33929E+03  2.31538E+02
1.25893E-01  2.47692E+03  1.66231E+02  2.28367E+03  1.93247E+02  1.04972E+03  8.88623E+02  1.61098E+02
1.41254E-01  1.74631E+03  1.30252E+02  1.61645E+03  1.29868E+02  6.95186E+02  5.83618E+02  1.11573E+02
1.58489E-01  1.23041E+03  1.01790E+02  1.14240E+03  8.80256E+01  4.55754E+02  3.78872E+02  7.69013E+01
1.77828E-01  8.65980E+02  7.92890E+01  8.06103E+02  5.99135E+01  2.95568E+02  2.42871E+02  5.27334E+01
1.99526E-01  6.08468E+02  6.15204E+01  5.67725E+02  4.08061E+01  1.89383E+02  1.53484E+02  3.59619E+01
2.23872E-01  4.26713E+02  4.75123E+01  3.99045E+02  2.77365E+01  1.19903E+02  9.55935E+01  2.43781E+01
2.51189E-01  2.98328E+02  3.64897E+01  2.79647E+02  1.87778E+01  7.48215E+01  5.84996E+01  1.64187E+01
2.81838E-01  2.07856E+02  2.78432E+01  1.95315E+02  1.26430E+01  4.60751E+01  3.51962E+01  1.09806E+01
3.16228E-01  1.44170E+02  2.10839E+01  1.35806E+02  8.45641E+00  2.79985E+01  2.08024E+01  7.28876E+00
3.54814E-01  9.93613E+01  1.58235E+01  9.38418E+01  5.61444E+00  1.67419E+01  1.20365E+01  4.80034E+00
3.98107E-01  6.80420E+01  1.17556E+01  6.44014E+01  3.69754E+00  9.94868E+00  6.86999E+00  3.13565E+00
4.46684E-01  4.61539E+01  8.63012E+00  4.37724E+01  2.41524E+00  5.83921E+00  3.84083E+00  2.03209E+00
5.01188E-01  3.09519E+01  6.25134E+00  2.94074E+01  1.56422E+00  3.38877E+00  2.10195E+00  1.30650E+00
5.62341E-01  2.04822E+01  4.46143E+00  1.94886E+01  1.00487E+00  1.94815E+00  1.12539E+00  8.34094E-01
6.30958E-01  1.33479E+01  3.13244E+00  1.27142E+01  6.40193E-01  1.11157E+00  5.89182E-01  5.28848E-01
7.07946E-01  8.55048E+00  2.16068E+00  8.14928E+00  4.04832E-01  6.31346E-01  3.01503E-01  3.33478E-01
7.94328E-01  5.37427E+00  1.46224E+00  5.12210E+00  2.54192E-01  3.58044E-01  1.50775E-01  2.09296E-01
8.91252E-01  3.30888E+00  9.69668E-01  3.15138E+00  1.58629E-01  2.03487E-01  7.36888E-02  1.30920E-01
1.00000E+00  1.99260E+00  6.29396E-01  1.89474E+00  9.84735E-02  1.16312E-01  3.52158E-02  8.17151E-02
1.12202E+00  1.17204E+00  3.99483E-01  1.11150E+00  6.08868E-02  6.70883E-02  1.64663E-02  5.09631E-02
1.25893E+00  6.72589E-01  2.47746E-01  6.35244E-01  3.75321E-02  3.91452E-02  7.54967E-03  3.17835E-02
1.41254E+00  3.76191E-01  1.50046E-01  3.53212E-01  2.30819E-02  2.31229E-02  3.39961E-03  1.98270E-02
1.58489E+00  2.04930E-01  8.87334E-02  1.90815E-01  1.41714E-02  1.38205E-02  1.50640E-03  1.23713E-02
1.77828E+00  1.08685E-01  5.12579E-02  1.00024E-01  8.69246E-03  8.34948E-03  6.60225E-04  7.72085E-03
1.99526E+00  5.61235E-02  2.89574E-02  5.08100E-02  5.33097E-03  5.08926E-03  2.87241E-04  4.81949E-03
2.23872E+00  2.82414E-02  1.60365E-02  2.49796E-02  3.27140E-03  3.12378E-03  1.24476E-04  3.00897E-03
2.51189E+00  1.38745E-02  8.74140E-03  1.18697E-02  2.01009E-03  1.92745E-03  5.38710E-05  1.87893E-03
2.81838E+00  6.67843E-03  4.72018E-03  5.44410E-03  1.23730E-03  1.19384E-03  2.33216E-05  1.17349E-03
3.16228E+00  3.16821E-03  2.54839E-03  2.40664E-03  7.63222E-04  7.41462E-04  1.00989E-05  7.33008E-04
3.54814E+00  1.49483E-03  1.39239E-03  1.02390E-03  4.71845E-04  4.61394E-04  4.37425E-06  4.57933E-04
3.98108E+00  7.10433E-04  7.80405E-04  4.18588E-04  2.92352E-04  2.87512E-04  1.89513E-06  2.86123E-04
4.46684E+00  3.45399E-04  4.54066E-04  1.64173E-04  1.81508E-04  1.79337E-04  8.21242E-07  1.78797E-04
5.01187E+00  1.74405E-04  2.76048E-04  6.16713E-05  1.12890E-04  1.11943E-04  3.55962E-07  1.11744E-04
5.62341E+00  9.23793E-05  1.75192E-04  2.21504E-05  7.03159E-05  6.99121E-05  1.54318E-07  6.98448E-05
6.30958E+00  5.13947E-05  1.15251E-04  7.59421E-06  4.38489E-05  4.36792E-05  6.69128E-08  4.36608E-05
7.07946E+00  2.98233E-05  7.78347E-05  2.48150E-06  2.73687E-05  2.72977E-05  2.90189E-08  2.72957E-05
7.94329E+00  1.78507E-05  5.34733E-05  7.71843E-07  1.70938E-05  1.70639E-05  1.25871E-08  1.70663E-05
8.91251E+00  1.09017E-05  3.71128E-05  2.28369E-07  1.06817E-05  1.06687E-05  5.46066E-09  1.06716E-05
1.00000E+01  6.73675E-06  2.59020E-05  6.43035E-08  6.67711E-06  6.67122E-06  2.36932E-09  6.67352E-06
1.12202E+01  4.18959E-06  1.81288E-05  1.72818E-08  4.17491E-06  4.17209E-06  1.02817E-09  4.17367E-06
1.25893E+01  2.61389E-06  1.27048E-05  4.46721E-09  2.61087E-06  2.60945E-06  4.46239E-10  2.61046E-06
1.41254E+01  1.63331E-06  8.90790E-06  1.12963E-09  1.63299E-06  1.63225E-06  1.93698E-10  1.63287E-06
1.58489E+01  1.02133E-06  6.24588E-06  2.88684E-10  1.02150E-06  1.02109E-06  8.40902E-11  1.02146E-06
1.77828E+01  6.38862E-07  4.37817E-06  7.84344E-11  6.39036E-07  6.38812E-07  3.65099E-11  6.39028E-07
1.99526E+01  3.99689E-07  3.06732E-06  2.38930E-11  3.99806E-07  3.99681E-07  1.58535E-11  3.99806E-07
2.23872E+01  2.50083E-07  2.14714E-06  8.32506E-12  2.50153E-07  2.50083E-07  6.88476E-12  2.50155E-07
2.51189E+01  1.56487E-07  1.50115E-06  3.23087E-12  1.56528E-07  1.56488E-07  2.99019E-12  1.56530E-07
2.81838E+01  9.79281E-08  1.04760E-06  1.33631E-12  9.79514E-08  9.79292E-08  1.29885E-12  9.79525E-08
3.16228E+01  6.12856E-08  7.29146E-07  5.69653E-13  6.12989E-08  6.12864E-08  5.64231E-13  6.12996E-08
3.54814E+01  3.83562E-08  5.05529E-07  2.45858E-13  3.83637E-08  3.83567E-08  2.45129E-13  3.83642E-08
3.98108E+01  2.40069E-08  3.48499E-07  1.06506E-13  2.40112E-08  2.40073E-08  1.06506E-13  2.40115E-08
4.46684E+01  1.50266E-08  2.38222E-07  4.62799E-14  1.50290E-08  1.50269E-08  4.62799E-14  1.50292E-08
5.01187E+01  9.40620E-09  1.60775E-07  2.01120E-14  9.40753E-09  9.40633E-09  2.01120E-14  9.40767E-09
5.62341E+01  5.88822E-09  1.06380E-07  8.74070E-15  5.88897E-09  5.88831E-09  8.74070E-15  5.88906E-09
6.30958E+01  3.68618E-09  6.81745E-08  3.79904E-15  3.68660E-09  3.68624E-09  3.79904E-15  3.68666E-09
7.07946E+01  2.30776E-09  4.13382E-08  1.65134E-15  2.30799E-09  2.30779E-09  1.65134E-15  2.30803E-09
7.94329E+01  1.44485E-09  2.24871E-08  7.17845E-16  1.44499E-09  1.44488E-09  7.17845E-16  1.44501E-09
8.91251E+01  9.04653E-10  9.24469E-09  3.12080E-16  9.04727E-10  9.04668E-10  3.12080E-16  9.04743E-10
# I am pretty sure nobody will read this line, but maybe I am wrong;)
