# Counts predicted by the Béthermin et al. (2012) model
# 1: Snu [Jy]
# 2: dN/dSnu total [gal/Jy/sr]
# 3: N(>Snu) total [gal/sr]
# 4: dN/dSnu main sequence [gal/Jy/sr]
# 5: dN/dSnu starburst [gal/Jy/sr]
# 6: dN/dSnu lensed galaxies [gal/Jy/sr]
# 7: dN/dSnu lensed main sequence [gal/Jy/sr]
# 8: dN/dSnu lensed starburst [gal/Jy/sr]
1.00000E-08  2.20346E+16  1.57994E+09  2.13238E+16  7.10858E+14  3.84058E+13  3.71047E+13  1.30119E+12
1.12202E-08  1.93614E+16  1.55469E+09  1.87368E+16  6.24613E+14  3.37460E+13  3.26027E+13  1.14331E+12
1.25893E-08  1.70126E+16  1.52962E+09  1.64637E+16  5.48832E+14  2.96517E+13  2.86471E+13  1.00459E+12
1.41254E-08  1.49487E+16  1.50491E+09  1.44665E+16  4.82246E+14  2.60540E+13  2.51713E+13  8.82700E+11
1.58489E-08  1.31353E+16  1.48055E+09  1.27115E+16  4.23740E+14  2.28930E+13  2.21174E+13  7.75600E+11
1.77828E-08  1.15419E+16  1.45653E+09  1.11695E+16  3.72332E+14  2.01154E+13  1.94339E+13  6.81495E+11
1.99526E-08  1.01418E+16  1.43284E+09  9.81459E+15  3.27161E+14  1.76749E+13  1.70761E+13  5.98808E+11
2.23872E-08  8.91154E+15  1.40950E+09  8.62407E+15  2.87472E+14  1.55305E+13  1.50044E+13  5.26154E+11
2.51189E-08  7.83057E+15  1.38648E+09  7.57797E+15  2.52598E+14  1.36463E+13  1.31840E+13  4.62316E+11
2.81838E-08  6.88076E+15  1.36378E+09  6.65881E+15  2.21955E+14  1.19908E+13  1.15845E+13  4.06224E+11
3.16228E-08  6.04619E+15  1.34140E+09  5.85116E+15  1.95030E+14  1.05361E+13  1.01791E+13  3.56937E+11
3.54814E-08  5.31286E+15  1.31934E+09  5.14149E+15  1.71372E+14  9.25786E+12  8.94423E+12  3.13631E+11
3.98107E-08  4.66852E+15  1.29759E+09  4.51793E+15  1.50585E+14  8.13475E+12  7.85917E+12  2.75580E+11
4.46684E-08  4.10234E+15  1.27615E+09  3.97002E+15  1.32319E+14  7.14791E+12  6.90576E+12  2.42145E+11
5.01187E-08  3.60485E+15  1.25500E+09  3.48858E+15  1.16270E+14  6.28080E+12  6.06803E+12  2.12768E+11
5.62341E-08  3.16771E+15  1.23416E+09  3.06555E+15  1.02167E+14  5.51890E+12  5.33194E+12  1.86955E+11
6.30958E-08  2.78361E+15  1.21360E+09  2.69383E+15  8.97760E+13  4.84943E+12  4.68516E+12  1.64273E+11
7.07946E-08  2.44610E+15  1.19334E+09  2.36721E+15  7.88881E+13  4.26120E+12  4.11685E+12  1.44344E+11
7.94328E-08  2.14953E+15  1.17336E+09  2.08021E+15  6.93210E+13  3.74433E+12  3.61750E+12  1.26833E+11
8.91251E-08  1.88894E+15  1.15366E+09  1.82803E+15  6.09146E+13  3.29017E+12  3.17873E+12  1.11447E+11
1.00000E-07  1.65996E+15  1.13423E+09  1.60643E+15  5.35280E+13  2.89112E+12  2.79319E+12  9.79271E+10
1.12202E-07  1.45875E+15  1.11508E+09  1.41171E+15  4.70375E+13  2.54047E+12  2.45442E+12  8.60478E+10
1.25893E-07  1.28195E+15  1.09619E+09  1.24062E+15  4.13344E+13  2.23237E+12  2.15676E+12  7.56100E+10
1.41254E-07  1.12659E+15  1.07757E+09  1.09027E+15  3.63231E+13  1.96165E+12  1.89521E+12  6.64384E+10
1.58489E-07  9.90080E+14  1.05921E+09  9.58160E+14  3.19198E+13  1.72377E+12  1.66539E+12  5.83797E+10
1.77828E-07  8.70122E+14  1.04110E+09  8.42071E+14  2.80505E+13  1.51475E+12  1.46345E+12  5.12986E+10
1.99526E-07  7.64712E+14  1.02325E+09  7.40061E+14  2.46505E+13  1.33108E+12  1.28600E+12  4.50766E+10
2.23872E-07  6.72086E+14  1.00565E+09  6.50423E+14  2.16630E+13  1.16970E+12  1.13009E+12  3.96096E+10
2.51189E-07  5.90691E+14  9.88285E+08  5.71653E+14  1.90378E+13  1.02789E+12  9.93082E+11  3.48058E+10
2.81838E-07  5.19166E+14  9.71165E+08  5.02435E+14  1.67310E+13  9.03282E+11  8.72697E+11  3.05848E+10
3.16228E-07  4.56313E+14  9.54282E+08  4.41609E+14  1.47040E+13  7.93790E+11  7.66914E+11  2.68759E+10
3.54814E-07  4.01080E+14  9.37632E+08  3.88157E+14  1.29228E+13  6.97580E+11  6.73963E+11  2.36169E+10
3.98107E-07  3.52543E+14  9.21212E+08  3.41185E+14  1.13576E+13  6.13039E+11  5.92286E+11  2.07533E+10
4.46684E-07  3.09890E+14  9.05018E+08  2.99907E+14  9.98216E+12  5.38752E+11  5.20515E+11  1.82371E+10
5.01187E-07  2.72407E+14  8.89047E+08  2.63633E+14  8.77353E+12  4.73474E+11  4.57448E+11  1.60261E+10
5.62341E-07  2.39466E+14  8.73294E+08  2.31755E+14  7.71142E+12  4.16113E+11  4.02030E+11  1.40833E+10
6.30958E-07  2.10517E+14  8.57756E+08  2.03739E+14  6.77809E+12  3.65708E+11  3.53332E+11  1.23761E+10
7.07946E-07  1.85077E+14  8.42430E+08  1.79119E+14  5.95790E+12  3.21416E+11  3.10540E+11  1.08761E+10
7.94328E-07  1.62718E+14  8.27312E+08  1.57481E+14  5.23713E+12  2.82494E+11  2.72937E+11  9.55795E+09
8.91251E-07  1.43068E+14  8.12398E+08  1.38464E+14  4.60372E+12  2.48292E+11  2.39893E+11  8.39971E+09
1.00000E-06  1.25798E+14  7.97686E+08  1.21751E+14  4.04708E+12  2.18237E+11  2.10855E+11  7.38194E+09
1.12202E-06  1.10619E+14  7.83170E+08  1.07061E+14  3.55789E+12  1.91825E+11  1.85337E+11  6.48759E+09
1.25893E-06  9.72782E+13  7.68849E+08  9.41503E+13  3.12797E+12  1.68614E+11  1.62913E+11  5.70171E+09
1.41254E-06  8.55525E+13  7.54719E+08  8.28024E+13  2.75014E+12  1.48218E+11  1.43206E+11  5.01114E+09
1.58489E-06  7.52460E+13  7.40775E+08  7.28279E+13  2.41807E+12  1.30293E+11  1.25889E+11  4.40430E+09
1.77828E-06  6.61865E+13  7.27015E+08  6.40603E+13  2.12622E+12  1.14540E+11  1.10669E+11  3.87104E+09
1.99526E-06  5.82230E+13  7.13434E+08  5.63533E+13  1.86971E+12  1.00697E+11  9.72943E+10  3.40243E+09
2.23872E-06  5.12227E+13  7.00030E+08  4.95784E+13  1.64426E+12  8.85304E+10  8.55397E+10  2.99064E+09
2.51189E-06  4.50689E+13  6.86799E+08  4.36228E+13  1.44610E+12  7.78380E+10  7.52092E+10  2.62876E+09
2.81838E-06  3.96589E+13  6.73736E+08  3.83870E+13  1.27193E+12  6.84407E+10  6.61300E+10  2.31076E+09
3.16228E-06  3.49026E+13  6.60840E+08  3.37838E+13  1.11882E+12  6.01814E+10  5.81502E+10  2.03129E+09
3.54814E-06  3.07209E+13  6.48104E+08  2.97366E+13  9.84241E+11  5.29223E+10  5.11366E+10  1.78569E+09
3.98108E-06  2.70441E+13  6.35527E+08  2.61781E+13  8.65934E+11  4.65419E+10  4.49721E+10  1.56985E+09
4.46684E-06  2.38111E+13  6.23105E+08  2.30491E+13  7.61931E+11  4.09339E+10  3.95538E+10  1.38017E+09
5.01187E-06  2.09681E+13  6.10832E+08  2.02976E+13  6.70499E+11  3.60046E+10  3.47911E+10  1.21346E+09
5.62341E-06  1.84679E+13  5.98707E+08  1.78778E+13  5.90113E+11  3.16716E+10  3.06047E+10  1.06695E+09
6.30958E-06  1.62691E+13  5.86724E+08  1.57496E+13  5.19436E+11  2.78627E+10  2.69245E+10  9.38181E+08
7.07946E-06  1.43351E+13  5.74880E+08  1.38778E+13  4.57292E+11  2.45144E+10  2.36894E+10  8.25005E+08
7.94328E-06  1.26339E+13  5.63170E+08  1.22313E+13  4.02647E+11  2.15709E+10  2.08454E+10  7.25533E+08
8.91251E-06  1.11374E+13  5.51591E+08  1.07828E+13  3.54595E+11  1.89832E+10  1.83451E+10  6.38101E+08
1.00000E-05  9.82075E+12  5.40138E+08  9.50841E+12  3.12335E+11  1.67080E+10  1.61468E+10  5.61250E+08
1.12202E-05  8.66227E+12  5.28806E+08  8.38710E+12  2.75168E+11  1.47076E+10  1.42139E+10  4.93697E+08
1.25893E-05  7.64283E+12  5.17591E+08  7.40036E+12  2.42476E+11  1.29487E+10  1.25144E+10  4.34315E+08
1.41254E-05  6.74564E+12  5.06490E+08  6.53192E+12  2.13720E+11  1.14020E+10  1.10199E+10  3.82115E+08
1.58489E-05  5.95593E+12  4.95495E+08  5.76751E+12  1.88421E+11  1.00419E+10  9.70563E+09  3.36226E+08
1.77828E-05  5.26070E+12  4.84604E+08  5.09454E+12  1.66164E+11  8.84565E+09  8.54977E+09  2.95883E+08
1.99526E-05  4.64857E+12  4.73809E+08  4.50199E+12  1.46579E+11  7.79357E+09  7.53316E+09  2.60414E+08
2.23872E-05  4.10951E+12  4.63107E+08  3.98017E+12  1.29343E+11  6.86816E+09  6.63893E+09  2.29228E+08
2.51189E-05  3.63471E+12  4.52492E+08  3.52054E+12  1.14174E+11  6.05411E+09  5.85230E+09  2.01808E+08
2.81838E-05  3.21643E+12  4.41958E+08  3.11560E+12  1.00821E+11  5.33794E+09  5.16024E+09  1.77697E+08
3.16228E-05  2.84784E+12  4.31498E+08  2.75877E+12  8.90658E+10  4.70781E+09  4.55132E+09  1.56493E+08
3.54814E-05  2.52297E+12  4.21107E+08  2.44425E+12  7.87144E+10  4.15333E+09  4.01548E+09  1.37846E+08
3.98108E-05  2.23655E+12  4.10778E+08  2.16695E+12  6.95980E+10  3.66535E+09  3.54390E+09  1.21446E+08
4.46684E-05  1.98396E+12  4.00504E+08  1.92239E+12  6.15677E+10  3.23584E+09  3.12882E+09  1.07021E+08
5.01187E-05  1.76112E+12  3.90279E+08  1.70663E+12  5.44925E+10  2.85774E+09  2.76341E+09  9.43316E+07
5.62341E-05  1.56446E+12  3.80095E+08  1.51620E+12  4.82571E+10  2.52484E+09  2.44167E+09  8.31682E+07
6.30958E-05  1.39082E+12  3.69944E+08  1.34806E+12  4.27606E+10  2.23168E+09  2.15834E+09  7.33464E+07
7.07946E-05  1.23745E+12  3.59818E+08  1.19953E+12  3.79138E+10  1.97348E+09  1.90878E+09  6.47039E+07
7.94328E-05  1.10189E+12  3.49710E+08  1.06825E+12  3.36385E+10  1.74601E+09  1.68892E+09  5.70983E+07
8.91251E-05  9.82002E+11  3.39611E+08  9.52136E+11  2.98659E+10  1.54558E+09  1.49517E+09  5.04042E+07
1.00000E-04  8.75898E+11  3.29512E+08  8.49362E+11  2.65354E+10  1.36891E+09  1.32440E+09  4.45115E+07
1.12202E-04  7.81912E+11  3.19406E+08  7.58318E+11  2.35937E+10  1.21315E+09  1.17383E+09  3.93235E+07
1.25893E-04  6.98578E+11  3.09283E+08  6.77584E+11  2.09940E+10  1.07578E+09  1.04103E+09  3.47552E+07
1.41254E-04  6.24604E+11  2.99136E+08  6.05909E+11  1.86950E+10  9.54585E+08  9.23853E+08  3.07317E+07
1.58489E-04  5.58852E+11  2.88955E+08  5.42192E+11  1.66604E+10  8.47617E+08  8.20429E+08  2.71873E+07
1.77828E-04  5.00320E+11  2.78736E+08  4.85462E+11  1.48582E+10  7.53163E+08  7.29099E+08  2.40644E+07
1.99526E-04  4.48125E+11  2.68470E+08  4.34864E+11  1.32603E+10  6.69716E+08  6.48404E+08  2.13120E+07
2.23872E-04  4.01490E+11  2.58153E+08  3.89648E+11  1.18420E+10  5.95952E+08  5.77066E+08  1.88856E+07
2.51189E-04  3.59734E+11  2.47782E+08  3.49153E+11  1.05814E+10  5.30703E+08  5.13957E+08  1.67458E+07
2.81838E-04  3.22262E+11  2.37356E+08  3.12802E+11  9.45944E+09  4.72942E+08  4.58084E+08  1.48581E+07
3.16228E-04  2.88554E+11  2.26876E+08  2.80095E+11  8.45935E+09  4.21769E+08  4.08577E+08  1.31921E+07
3.54814E-04  2.58159E+11  2.16348E+08  2.50593E+11  7.56636E+09  3.76386E+08  3.64665E+08  1.17210E+07
3.98107E-04  2.30689E+11  2.05779E+08  2.23921E+11  6.76759E+09  3.36095E+08  3.25674E+08  1.04215E+07
4.46684E-04  2.05810E+11  1.95182E+08  1.99758E+11  6.05178E+09  3.00280E+08  2.91008E+08  9.27276E+06
5.01188E-04  1.83239E+11  1.84574E+08  1.77830E+11  5.40913E+09  2.68401E+08  2.60145E+08  8.25659E+06
5.62341E-04  1.62739E+11  1.73978E+08  1.57908E+11  4.83113E+09  2.39982E+08  2.32625E+08  7.35698E+06
6.30958E-04  1.44107E+11  1.63419E+08  1.39797E+11  4.31040E+09  2.14605E+08  2.08045E+08  6.55984E+06
7.07946E-04  1.27177E+11  1.52927E+08  1.23336E+11  3.84059E+09  1.91905E+08  1.86052E+08  5.85276E+06
7.94328E-04  1.11807E+11  1.42539E+08  1.08390E+11  3.41622E+09  1.71562E+08  1.66337E+08  5.22484E+06
8.91252E-04  9.78780E+10  1.32291E+08  9.48455E+10  3.03259E+09  1.53296E+08  1.48630E+08  4.66649E+06
1.00000E-03  8.52883E+10  1.22226E+08  8.26026E+10  2.68565E+09  1.36866E+08  1.32697E+08  4.16932E+06
1.12202E-03  7.39467E+10  1.12385E+08  7.15748E+10  2.37194E+09  1.22062E+08  1.18336E+08  3.72593E+06
1.25893E-03  6.37712E+10  1.02812E+08  6.16827E+10  2.08847E+09  1.08702E+08  1.05372E+08  3.32987E+06
1.41254E-03  5.46844E+10  9.35484E+07  5.28518E+10  1.83261E+09  9.66310E+07  9.36555E+07  2.97549E+06
1.58489E-03  4.66123E+10  8.46357E+07  4.50102E+10  1.60211E+09  8.57157E+07  8.30579E+07  2.65786E+06
1.77828E-03  3.94822E+10  7.61117E+07  3.80873E+10  1.39492E+09  7.58425E+07  7.34698E+07  2.37271E+06
1.99526E-03  3.32220E+10  6.80105E+07  3.20128E+10  1.20923E+09  6.69138E+07  6.47975E+07  2.11631E+06
2.23872E-03  2.77607E+10  6.03621E+07  2.67173E+10  1.04338E+09  5.88461E+07  5.69606E+07  1.88545E+06
2.51189E-03  2.30279E+10  5.31912E+07  2.21321E+10  8.95810E+08  5.15669E+07  4.98895E+07  1.67734E+06
2.81838E-03  1.89549E+10  4.65170E+07  1.81898E+10  7.65085E+08  4.50128E+07  4.35232E+07  1.48960E+06
3.16228E-03  1.54752E+10  4.03530E+07  1.48253E+10  6.49830E+08  3.91275E+07  3.78074E+07  1.32014E+06
3.54814E-03  1.25249E+10  3.47065E+07  1.19761E+10  5.48734E+08  3.38598E+07  3.26926E+07  1.16719E+06
3.98107E-03  1.00435E+10  2.95788E+07  9.58299E+09  4.60546E+08  2.91626E+07  2.81334E+07  1.02920E+06
4.46684E-03  7.97444E+09  2.49653E+07  7.59038E+09  3.84065E+08  2.49915E+07  2.40867E+07  9.04821E+05
5.01188E-03  6.26489E+09  2.08553E+07  5.94674E+09  3.18144E+08  2.13047E+07  2.05119E+07  7.92870E+05
5.62341E-03  4.86631E+09  1.72324E+07  4.60462E+09  2.61695E+08  1.80621E+07  1.73698E+07  6.92302E+05
6.30958E-03  3.73431E+09  1.40749E+07  3.52063E+09  2.13684E+08  1.52251E+07  1.46230E+07  6.02179E+05
7.07946E-03  2.82866E+09  1.13562E+07  2.65552E+09  1.73142E+08  1.27568E+07  1.22352E+07  5.21649E+05
7.94328E-03  2.11316E+09  9.04559E+06  1.97400E+09  1.39163E+08  1.06217E+07  1.01718E+07  4.49929E+05
8.91252E-03  1.55556E+09  7.10881E+06  1.44465E+09  1.10909E+08  8.78614E+06  8.39984E+06  3.86295E+05
1.00000E-02  1.12737E+09  5.50914E+06  1.03976E+09  8.76092E+07  7.21820E+06  6.88813E+06  3.30067E+05
1.12202E-02  8.03729E+08  4.20834E+06  7.35167E+08  6.85619E+07  5.88785E+06  5.60725E+06  2.80603E+05
1.25893E-02  5.63249E+08  3.16782E+06  5.10115E+08  5.31337E+07  4.76710E+06  4.52980E+06  2.37298E+05
1.41254E-02  3.87762E+08  2.34964E+06  3.47005E+08  4.07569E+07  3.82992E+06  3.63035E+06  1.99577E+05
1.58489E-02  2.62132E+08  1.71765E+06  2.31203E+08  3.09289E+07  3.05243E+06  2.88553E+06  1.66897E+05
1.77828E-02  1.73978E+08  1.23829E+06  1.50770E+08  2.32081E+07  2.41273E+06  2.27399E+06  1.38743E+05
1.99526E-02  1.13390E+08  8.81312E+05  9.61790E+07  1.72106E+07  1.89098E+06  1.77635E+06  1.14631E+05
2.23872E-02  7.26210E+07  6.20266E+05  6.00142E+07  1.26069E+07  1.46930E+06  1.37519E+06  9.41099E+04
2.51189E-02  4.57643E+07  4.32677E+05  3.66477E+07  9.11663E+06  1.13171E+06  1.05496E+06  7.67559E+04
2.81838E-02  2.84359E+07  3.00038E+05  2.19310E+07  6.50495E+06  8.64099E+05  8.01920E+05  6.21793E+04
3.16228E-02  1.74725E+07  2.07565E+05  1.28953E+07  4.57721E+06  6.54081E+05  6.04060E+05  5.00211E+04
3.54814E-02  1.06570E+07  1.43812E+05  7.48251E+06  3.17447E+06  4.90931E+05  4.50978E+05  3.99534E+04
3.98107E-02  6.48126E+06  1.00183E+05  4.31241E+06  2.16885E+06  3.65479E+05  3.33800E+05  3.16795E+04
4.46684E-02  3.94938E+06  7.04112E+04  2.49038E+06  1.45900E+06  2.69980E+05  2.45047E+05  2.49325E+04
5.01188E-02  2.42236E+06  5.00560E+04  1.45643E+06  9.65930E+05  1.97989E+05  1.78514E+05  1.94746E+04
5.62341E-02  1.50106E+06  3.60478E+04  8.71960E+05  6.29102E+05  1.44223E+05  1.29128E+05  1.50957E+04
6.30958E-02  9.41929E+05  2.63082E+04  5.39001E+05  4.02928E+05  1.04418E+05  9.28062E+04  1.16120E+04
7.07946E-02  5.99057E+05  1.94507E+04  3.45332E+05  2.53725E+05  7.51846E+04  6.63207E+04  8.86393E+03
7.94328E-02  3.86019E+05  1.45573E+04  2.28952E+05  1.57067E+05  5.38695E+04  4.71546E+04  6.71489E+03
8.91252E-02  2.51795E+05  1.10193E+04  1.56196E+05  9.55993E+04  3.84274E+04  3.33786E+04  5.04880E+03
1.00000E-01  1.66103E+05  8.42997E+03  1.08867E+05  5.72361E+04  2.73028E+04  2.35345E+04  3.76830E+03
1.12202E-01  1.10744E+05  6.51340E+03  7.70062E+04  3.37381E+04  1.93272E+04  1.65347E+04  2.79252E+03
1.25893E-01  7.46051E+04  5.07968E+03  5.49947E+04  1.96103E+04  1.36334E+04  1.15782E+04  2.05519E+03
1.41254E-01  5.07816E+04  3.99597E+03  3.95145E+04  1.12671E+04  9.58346E+03  8.08086E+03  1.50260E+03
1.58489E-01  3.49243E+04  3.16831E+03  2.85024E+04  6.42190E+03  6.71244E+03  5.62072E+03  1.09172E+03
1.77828E-01  2.42623E+04  2.52965E+03  2.06130E+04  3.64926E+03  4.68354E+03  3.89501E+03  7.88524E+02
1.99526E-01  1.70162E+04  2.03182E+03  1.49354E+04  2.08086E+03  3.25413E+03  2.68776E+03  5.66378E+02
2.23872E-01  1.20374E+04  1.64007E+03  1.08376E+04  1.19983E+03  2.25034E+03  1.84563E+03  4.04710E+02
2.51189E-01  8.57896E+03  1.32913E+03  7.87376E+03  7.05194E+02  1.54787E+03  1.26008E+03  2.87786E+02
2.81838E-01  6.15214E+03  1.08049E+03  5.72675E+03  4.25391E+02  1.05822E+03  8.54509E+02  2.03708E+02
3.16228E-01  4.43387E+03  8.80422E+02  4.16942E+03  2.64444E+02  7.18479E+02  5.74909E+02  1.43570E+02
3.54814E-01  3.20801E+03  7.18641E+02  3.03855E+03  1.69464E+02  4.84021E+02  3.83260E+02  1.00761E+02
3.98107E-01  2.32816E+03  5.87306E+02  2.21657E+03  1.11595E+02  3.23245E+02  2.52821E+02  7.04246E+01
4.46684E-01  1.69367E+03  4.80362E+02  1.61857E+03  7.51064E+01  2.13810E+02  1.64794E+02  4.90155E+01
5.01188E-01  1.23450E+03  3.93070E+02  1.18315E+03  5.13524E+01  1.39956E+02  1.05989E+02  3.39667E+01
5.62341E-01  9.01305E+02  3.21680E+02  8.65830E+02  3.54745E+01  9.05962E+01  6.71664E+01  2.34298E+01
6.30958E-01  6.59007E+02  2.63199E+02  6.34355E+02  2.46519E+01  5.79608E+01  4.18797E+01  1.60811E+01
7.07946E-01  4.82494E+02  2.15222E+02  4.65315E+02  1.71786E+01  3.66362E+01  2.56588E+01  1.09774E+01
7.94328E-01  3.53687E+02  1.75809E+02  3.41708E+02  1.19784E+01  2.28762E+01  1.54275E+01  7.44869E+00
8.91252E-01  2.59536E+02  1.43393E+02  2.51190E+02  8.34602E+00  1.41134E+01  9.09222E+00  5.02123E+00
1.00000E+00  1.90597E+02  1.16703E+02  1.84791E+02  5.80588E+00  8.60746E+00  5.24677E+00  3.36070E+00
1.12202E+00  1.40024E+02  9.47113E+01  1.35994E+02  4.03043E+00  5.19361E+00  2.96165E+00  2.23196E+00
1.25893E+00  1.02854E+02  7.65833E+01  1.00062E+02  2.79139E+00  3.10348E+00  1.63342E+00  1.47016E+00
1.41254E+00  7.54739E+01  6.16427E+01  7.35477E+01  1.92854E+00  1.83046E+00  8.72740E-01  9.60056E-01
1.58489E+00  5.52794E+01  4.93418E+01  5.39563E+01  1.32909E+00  1.06771E+00  4.52207E-01  6.21439E-01
1.77828E+00  4.03658E+01  3.92328E+01  3.94619E+01  9.13633E-01  6.15461E-01  2.26519E-01  3.98717E-01
1.99526E+00  2.93505E+01  3.09504E+01  2.87346E+01  6.26368E-01  3.53955E-01  1.10715E-01  2.53634E-01
2.23872E+00  2.12138E+01  2.41932E+01  2.07969E+01  4.28163E-01  2.00559E-01  5.18476E-02  1.60041E-01
2.51189E+00  1.52175E+01  1.87134E+01  1.49358E+01  2.91685E-01  1.13884E-01  2.36782E-02  1.00245E-01
2.81838E+00  1.08162E+01  1.43030E+01  1.06242E+01  1.97907E-01  6.75254E-02  1.10127E-02  6.23926E-02
3.16228E+00  7.59999E+00  1.07856E+01  7.46977E+00  1.33617E-01  4.02419E-02  5.00009E-03  3.86350E-02
3.54814E+00  5.26876E+00  8.01253E+00  5.18102E+00  8.96717E-02  2.41257E-02  2.22086E-03  2.38355E-02
3.98108E+00  3.59674E+00  5.85550E+00  3.53808E+00  5.97450E-02  1.45571E-02  9.68638E-04  1.46727E-02
4.46684E+00  2.41315E+00  4.20333E+00  2.37428E+00  3.94642E-02  8.83942E-03  4.16681E-04  9.02449E-03
5.01187E+00  1.58829E+00  2.95960E+00  1.56281E+00  2.58069E-02  5.39884E-03  1.77833E-04  5.55175E-03
5.62341E+00  1.02369E+00  2.04111E+00  1.00719E+00  1.66823E-02  3.31322E-03  7.55519E-05  3.41835E-03
6.30958E+00  6.45026E-01  1.37689E+00  6.34479E-01  1.06454E-02  2.04084E-03  3.20591E-05  2.10724E-03
7.07946E+00  3.96701E-01  9.07295E-01  3.90057E-01  6.69736E-03  1.26056E-03  1.36042E-05  1.30060E-03
7.94329E+00  2.37781E-01  5.83246E-01  2.33661E-01  4.14963E-03  7.80202E-04  5.77675E-06  8.03688E-04
8.91251E+00  1.38710E-01  3.65315E-01  1.36196E-01  2.52994E-03  4.83646E-04  2.45970E-06  4.97170E-04
1.00000E+01  7.86444E-02  2.22672E-01  7.71363E-02  1.51682E-03  3.00158E-04  1.04512E-06  3.07857E-04
1.12202E+01  4.32820E-02  1.31929E-01  4.23928E-02  8.94020E-04  1.86458E-04  4.46196E-07  1.90802E-04
1.25893E+01  2.30944E-02  7.58944E-02  2.25789E-02  5.18054E-04  1.15915E-04  1.90777E-07  1.18352E-04
1.41254E+01  1.19335E-02  4.23475E-02  1.16397E-02  2.95278E-04  7.21051E-05  8.16810E-08  7.34671E-05
1.58489E+01  5.96540E-03  2.28979E-02  5.80047E-03  1.65719E-04  4.48775E-05  3.50162E-08  4.56365E-05
1.77828E+01  2.88196E-03  1.19890E-02  2.79066E-03  9.17361E-05  2.79440E-05  1.50285E-08  2.83662E-05
1.99526E+01  1.34452E-03  6.07561E-03  1.29455E-03  5.02161E-05  1.74072E-05  6.45697E-09  1.76418E-05
2.23872E+01  6.05398E-04  2.98022E-03  5.78255E-04  2.72765E-05  1.08476E-05  2.77698E-09  1.09778E-05
2.51189E+01  2.63072E-04  1.41640E-03  2.48378E-04  1.47674E-05  6.76220E-06  1.19541E-09  6.83443E-06
2.81838E+01  1.10413E-04  6.53938E-04  1.02443E-04  8.01057E-06  4.21683E-06  5.15033E-10  4.25690E-06
3.16228E+01  4.48660E-05  2.94881E-04  4.05102E-05  4.37825E-06  2.63033E-06  2.22069E-10  2.65256E-06
3.54814E+01  1.77464E-05  1.31175E-04  1.53349E-05  2.42396E-06  1.64118E-06  9.58203E-11  1.65352E-06
3.98108E+01  6.90586E-06  5.85214E-05  5.54774E-06  1.36501E-06  1.02429E-06  4.13733E-11  1.03113E-06
4.46684E+01  2.69464E-06  2.67991E-05  1.91483E-06  7.83628E-07  6.39432E-07  1.78754E-11  6.43233E-07
5.01187E+01  1.08600E-06  1.29110E-05  6.29459E-07  4.58657E-07  3.99280E-07  7.72772E-12  4.01390E-07
5.62341E+01  4.68733E-07  6.63081E-06  1.96706E-07  2.73203E-07  2.49376E-07  3.34254E-12  2.50549E-07
6.30958E+01  2.22804E-07  3.58943E-06  5.83289E-08  1.65128E-07  1.55786E-07  1.44651E-12  1.56438E-07
7.07946E+01  1.16954E-07  1.96735E-06  1.63816E-08  1.00936E-07  9.73405E-08  6.26282E-13  9.77029E-08
7.94329E+01  6.63493E-08  1.01200E-06  4.34929E-09  6.22018E-08  6.08339E-08  2.71276E-13  6.10354E-08
8.91251E+01  3.95240E-08  4.03898E-07  1.08961E-09  3.85467E-08  3.80263E-08  1.17554E-13  3.81385E-08
# I am pretty sure nobody will read this line, but maybe I am wrong;)
