obj B3 B4 B5 B6 B7 B8 B9 B10
J1924+1540 0 0 0 0 0 0 0 0
J2309-3059 0 0 0 0 0 0 0 0
J1617-2537 0 0 0 0 0 0 0 0
J1516+1932 0 151.2 0 0 0 0 0 0
J0228-0337 0 0 0 0 0 0 0 0
J0409+1217 0 0 0 0 0 0 0 0
J1038-4325 241.79999999999998 0 0 0 0 0 0 0
J1242+0941 0 0 0 0 0 0 0 0
J0455-4615 0 0 0 0 0 0 0 0
J0339-0146 0 0 0 0 0 0 0 0
J1215+1654 0 0 0 1352.0 0 0 0 0
J1419-0838 0 0 0 241.89999999999998 0 0 0 0
J1254-4743 0 0 0 0 0 0 0 0
J0112+3522 0 0 0 0 0 0 0 0
J1339-2401 0 0 0 0 0 0 0 0
J1626-2951 0 271.9 0 0 262.1 0 0 0
J1147-6753 0 0 0 0 0 0 0 0
J1337-6509 0 0 0 0 0 0 0 0
J1400-1858 0 0 0 0 0 0 0 0
J2154+1727 0 0 0 0 0 0 0 0
J1024+1912 0 0 0 0 0 0 0 0
J1707+0148 0 0 0 0 0 0 0 0
J1159-2142 0 0 0 0 0 0 0 0
J0518-6935 0 0 0 0 0 0 0 0
J1409-2657 0 0 0 0 0 0 0 0
J0013+4051 0 0 0 0 0 0 0 0
J0858-1950 0 0 0 0 0 0 0 0
J2101+0341 0 0 0 0 0 0 0 0
J2246-1206 0 0 0 0 0 0 0 0
J0243-0550 0 0 0 0 0 0 0 0
J1248-4559 0 0 0 0 0 0 0 0
J0231+1322 0 0 0 0 0 0 0 0
J2130-0927 0 0 0 0 0 0 0 0
J0739+0137 0 0 0 0 0 0 0 0
J2042-2255 0 0 0 0 0 0 0 0
J0049-5738 0 0 0 0 0 0 0 0
J1743-3058 0 0 0 0 0 0 0 0
J1555+1111 0 0 0 0 0 0 0 0
J1218-0119 0 0 423.4 0 0 0 0 0
J1837-3319 0 0 0 0 0 0 0 0
J0224+0659 0 0 0 0 0 0 0 0
J0126+2559 0 0 0 0 0 0 0 0
J1449-0045 0 0 0 0 0 0 0 0
J1452-6502 0 0 0 0 0 0 0 0
J1907+0127 0 0 0 0 0 0 0 0
J1125+2005 0 0 0 0 0 0 0 0
J1103+1158 0 0 0 0 0 0 0 0
J2243-0609 0 0 0 0 0 0 0 0
J1826-2924 0 0 0 0 0 0 0 0
J1556-3302 0 0 0 0 0 0 0 0
J0927-2034 0 0 0 0 0 0 0 0
J0412+1856 0 0 0 276.1 0 0 0 0
J2212+0646 0 0 0 0 0 0 0 0
J1432-1801 0 0 0 0 0 0 0 0
J2019-5201 0 0 0 0 0 0 0 0
J1512-0905 0 0 0 0 0 0 0 0
J1825-0737 0 0 0 0 0 0 0 0
J1116+0829 0 0 0 0 0 0 0 0
J1214-1921 211.59999999999997 0 0 0 0 0 0 0
J1837-7108 0 0 0 0 0 0 0 0
J2349+0534 0 0 0 0 0 0 0 0
J0845+0439 0 0 0 0 0 0 0 0
J1438-2204 0 0 0 0 0 0 0 0
J2057-3734 0 0 0 0 0 0 0 0
J0853+0654 0 0 0 0 0 0 0 0
J1740+2211 0 0 0 0 0 0 0 0
J2015+3710 0 0 0 181.5 0 0 0 0
J2156-0037 60.4 0 0 0 0 0 0 0
J1733-7935 228.00000000000003 0 0 0 0 0 0 0
J0253-5441 0 0 0 0 0 0 0 0
J0427-0700 0 0 0 0 0 0 0 0
J0342-3007 423.6 0 0 0 0 0 0 0
J0748-1639 0 0 0 0 0 0 0 0
J1337-1257 318.5 0 0 1560.5 318.59999999999997 0 0 0
J1742-1517 0 0 0 0 0 0 0 0
J0019+2021 0 0 0 0 0 0 0 0
J2025+3343 574.4 0 0 575.9 0 0 0 0
J0010+1724 0 0 0 0 0 0 0 0
J0137+3309 0 0 0 0 0 0 0 0
J1803-6507 0 0 0 0 0 0 0 0
J1937+0734 0 0 0 0 0 0 0 0
J1303-5540 0 0 0 0 0 0 0 0
J0957-1350 0 0 0 0 0 0 0 0
J2333-2343 0 0 0 0 0 0 0 0
J1121-0553 0 0 0 0 0 0 0 0
J1535-4730 0 0 0 0 0 0 0 0
J1923-2104 0 0 0 0 0 0 0 0
J0830+2410 0 0 0 0 0 0 0 0
J0103+1526 0 0 0 0 0 0 0 0
J0552+3754 0 0 0 0 0 0 0 0
J1804+0101 0 0 0 0 0 0 0 0
J0439-4522 0 0 0 0 0 0 0 0
J2247-3657 0 0 0 0 0 0 0 0
J2139-4235 0 0 0 0 0 0 0 0
J2207-5346 0 0 0 0 0 0 0 0
J0336-3616 0 0 0 0 0 0 0 0
J2121-6111 0 0 0 0 0 0 0 0
J1829-5813 0 0 0 0 0 0 0 0
J0536-3401 544.2 0 0 0 0 0 0 0
J0303-2407 0 0 0 0 0 0 0 0
J0050-0452 0 0 0 0 0 0 0 0
J0604+2429 0 0 0 0 0 0 0 0
J1745-2900 0 0 0 0 0 0 0 0
J1316-3338 0 0 0 0 0 0 0 0
J0108+0135 0 0 0 0 0 0 0 0
J1457-3539 0 0 0 0 0 0 0 0
J1257-3155 0 0 0 151.2 0 0 0 0
J0644+3914 0 0 0 0 0 0 0 0
J0424+0036 0 0 0 0 0 0 0 0
J1256-0547 1239.5 0 0 1897.4999999999998 1574.1000000000001 0 316.2 0
J1711-3744 0 0 0 0 0 0 0 0
J0505+0459 0 0 0 0 0 0 0 0
J2004-6347 0 0 0 0 0 0 0 0
J2206-1835 0 0 0 0 0 0 0 0
J1730+0024 0 0 0 0 0 0 0 0
J0215-0222 0 0 0 0 0 0 0 0
J1642+3948 0 0 0 0 0 0 0 0
J2304+2331 0 211.90000000000003 0 0 0 0 0 0
J1912-0804 0 0 0 1024.5 0 0 0 0
J0737-1534 0 0 0 0 0 0 0 0
J1635+3808 0 0 0 0 0 0 0 0
J2303-1841 0 0 0 0 0 0 0 0
J0541-0211 0 0 0 423.29999999999995 0 0 0 0
J2335-0131 121.10000000000001 0 0 0 0 0 0 0
J0437-7148 576.7 0 0 0 0 0 0 0
J1728+0427 0 0 0 0 0 0 0 0
J1510-0843 0 0 0 0 0 0 0 0
J0909+0121 258.0 0 0 0 0 0 0 0
J1016+0513 0 0 0 0 0 0 0 0
J1130+0846 0 0 0 0 0 0 0 0
J0004+2019 0 0 0 0 0 0 0 0
J1157+1638 0 0 0 0 0 0 0 0
J0016-0015 0 0 0 0 0 0 0 0
J2057-0719 0 0 0 0 0 0 0 0
J2126-4605 0 0 0 0 0 0 0 0
J2326+0112 0 0 0 0 0 0 0 0
J2327+1524 0 0 0 0 0 0 0 0
J1245-1616 0 0 0 0 844.1999999999998 0 0 0
J0141-0928 0 0 0 0 0 0 0 0
J1136-0330 0 0 0 0 0 0 0 0
J0317-2803 0 0 0 0 0 0 0 0
J0407-1211 0 0 0 0 0 0 0 0
J1132-5606 0 0 0 0 0 0 0 0
J0113+0222 0 0 0 0 0 0 0 0
J1359+0159 0 0 0 362.59999999999997 0 0 0 0
J2239-5701 0 0 0 0 0 0 0 0
J1820-1111 0 0 0 0 0 0 0 0
J0842+1835 0 0 0 0 0 0 0 0
J1928+0848 0 0 0 0 0 0 0 0
J2253+3236 0 0 0 0 0 0 0 0
J0641-0320 0 0 0 0 0 0 0 0
J0837+2454 0 0 0 0 0 0 0 0
J0348-2749 332.7 907.3 0 604.7 0 0 0 0
J1745-0753 0 0 0 0 0 0 0 0
J2134-0153 0 0 0 0 0 0 0 0
J0153-3310 0 0 0 0 0 0 0 0
J1405+0415 0 0 0 0 0 0 0 0
J0058-5659 0 0 0 0 0 0 0 0
J1407-4302 0 0 0 0 0 0 0 0
J1648+2224 0 0 0 0 0 0 0 0
J0942-0759 0 0 0 0 0 0 0 0
J0511-6806 423.8 0 0 0 0 0 0 0
J0051-0650 0 0 0 0 0 0 0 0
J1640-3727 0 0 0 0 0 0 0 0
J1834-5856 0 0 0 0 0 0 0 0
J1336-0829 0 0 0 0 0 0 0 0
J1018-3123 0 0 0 0 0 0 0 0
J0840+1312 0 0 0 0 0 0 0 0
J1047-6217 0 0 0 0 0 0 0 0
J1657-2004 0 0 0 0 0 0 0 0
J0625+1440 0 0 0 0 0 0 0 0
J0112+2244 0 0 0 0 0 0 0 0
J1415+1320 0 0 0 0 0 0 0 0
J0112-6634 0 0 0 0 0 0 0 0
J1631-4345 0 0 0 0 0 0 0 0
J2146-7755 0 0 0 0 0 0 0 0
J1755-5536 0 0 0 0 0 0 0 0
J0748+2400 0 0 0 0 0 0 0 0
J2255-0844 0 0 0 0 0 0 0 0
J1813+2952 0 0 0 0 0 0 0 0
J0137-2430 0 0 0 0 0 0 0 0
J0525-2338 0 0 0 0 0 0 0 0
J0139+1753 0 0 0 0 0 0 0 0
J2358+1955 0 0 0 0 0 0 0 0
J0040-4253 0 0 0 0 0 0 0 0
J0431+1731 0 0 0 0 0 0 0 0
J2321+2732 0 0 0 0 0 0 0 0
J1647+2705 0 0 0 0 0 0 0 0
J0702-1015 0 0 0 0 0 0 0 0
J2052-5533 0 0 0 0 0 0 0 0
J0842-6053 0 0 0 0 0 0 0 0
J2253+1608 316.2 318.59999999999997 0 302.4 961.2000000000002 0 0 0
J1623+0741 0 0 0 0 0 0 0 0
J1633-2557 0 0 0 0 0 0 0 0
J0534-6106 0 0 0 0 0 0 0 0
J1421-4820 0 0 0 0 0 0 0 0
J0259+0747 665.2 0 0 0 0 0 0 0
J2049-4020 0 0 0 0 0 0 0 0
J0411-5149 0 0 0 0 0 0 0 0
J1353+1435 0 0 0 0 0 0 0 0
J2051+1743 0 0 0 0 0 0 0 0
J1933-6942 0 0 0 0 0 0 0 0
J1939-1525 0 0 0 0 0 0 0 0
J1826-3650 0 0 0 0 0 0 0 0
J0818+0517 0 0 0 0 0 0 0 0
J1513-1012 0 0 0 0 0 0 0 0
J1728+1215 0 0 0 0 0 0 0 0
J1006+0509 0 0 0 0 0 0 0 0
J0045-3705 423.5 0 0 0 0 0 0 0
J1045+1735 0 0 0 0 0 0 0 0
J0343-2530 0 0 0 0 0 0 0 0
J1126-3828 0 0 0 0 0 0 0 0
J0931+1414 0 0 0 0 0 0 0 0
J1835-1513 0 0 0 0 0 0 0 0
J1512+0203 0 0 0 0 199.6 1072.6000000000001 0 0
J1150+2417 0 0 0 516.0 0 0 0 0
J0057-7040 0 0 0 0 0 0 0 0
J1006-5018 0 0 0 0 0 0 0 0
J0440-6952 0 0 0 0 0 0 0 0
J1039-1541 0 0 0 0 0 0 0 0
J2348-1631 0 0 0 0 0 0 0 0
J0121+0422 0 0 0 0 0 0 0 0
J1634-2058 0 0 0 0 0 0 0 0
J2308-4557 0 0 0 0 0 0 0 0
J0216-1017 0 0 0 0 0 0 0 0
J1716+2152 0 0 0 0 0 0 0 0
J1504+1029 0 0 0 0 0 0 0 0
J0110-0741 0 0 0 0 0 0 0 0
J1903-6749 0 0 0 272.09999999999997 0 0 0 0
J0747-3310 0 0 0 0 0 0 0 0
J0522-3627 744.0999999999999 0 0 626.0999999999999 1903.5 928.9 0 0
J0746-1555 0 0 0 0 0 0 0 0
J1424-7241 0 0 0 0 0 0 0 0
J1000+0005 0 0 0 0 0 0 0 0
J0040-3243 211.70000000000002 0 0 0 0 0 0 0
J1947-0103 0 0 0 0 0 0 0 0
J0526-4830 0 0 0 0 0 0 0 0
J2005-1822 0 0 0 0 0 0 0 0
J0710-3850 0 0 0 0 0 0 0 0
J1315-5334 0 0 0 0 0 0 0 0
J1150-0023 0 0 0 181.49999999999997 0 0 0 0
J2218-0335 0 0 0 0 0 0 0 0
J0010+1058 0 302.2 0 0 0 0 0 0
J1809-4552 0 0 0 0 0 0 0 0
J1028+0255 0 0 0 0 0 0 0 0
J0241-0815 0 0 0 0 0 0 0 0
J1044+0655 0 0 0 0 0 0 0 0
J2357-1125 0 0 0 0 0 0 0 0
J1537+2300 0 0 0 0 0 0 0 0
J1155-8101 0 0 0 0 0 0 0 0
J0930+0034 0 0 0 0 0 0 0 0
J0506-6109 0 0 0 0 0 0 0 0
J1120-1243 0 0 0 0 0 0 0 0
J1824+0119 0 0 0 0 0 0 0 0
J0151+2744 0 0 0 0 0 0 0 0
J1349-3056 272.2 0 0 0 0 0 0 0
J1139-1350 0 0 0 0 0 0 0 0
J0438-1251 0 0 0 0 0 0 0 0
J1426-0215 0 0 0 0 0 0 0 0
J1136-6827 0 0 0 0 0 0 0 0
J0132-1654 0 0 0 0 0 0 0 0
J0049-4457 0 0 0 0 0 0 0 0
J1008+0621 0 0 0 0 90.7 0 0 0
J0442-0017 0 0 0 0 0 0 0 0
J2337-0230 0 0 0 0 0 0 0 0
J0922-0529 0 0 0 0 0 0 0 0
J1604-4441 0 0 0 120.8 0 0 0 0
J1015+1227 0 0 0 0 0 0 0 0
J0149+0555 0 0 0 0 0 0 0 0
J1650-5044 2455.9999999999995 0 0 379.1 2599.8999999999996 0 0 0
J0011-1434 0 0 0 0 0 0 0 0
J0056+1625 0 0 0 0 0 0 0 0
J0030-4224 0 0 0 0 0 0 0 0
J2316+1618 0 0 0 0 0 0 0 0
J2157-6941 0 0 0 0 0 0 0 0
J0547+1223 0 0 0 0 0 0 0 0
J1427-3305 0 0 0 0 0 0 0 0
J0313+4120 0 0 0 0 0 0 0 0
J1937-3958 0 0 0 0 0 0 0 0
J1822+1600 0 0 0 0 0 0 0 0
J0502+1338 0 0 0 0 0 0 0 0
J0110-6315 181.3 0 0 0 0 0 0 0
J1408-0752 0 0 0 0 0 0 0 0
J2011-1546 0 0 0 0 0 0 0 0
J1051-3138 0 0 0 0 0 0 0 0
J0104-2416 0 0 0 0 0 0 0 0
J1507-1652 0 0 0 0 0 0 0 0
J0914+0245 0 0 0 0 0 0 0 0
J1718-1120 0 0 0 0 0 0 0 0
J2018-0509 0 0 0 0 0 0 0 0
J1215+3448 0 0 0 0 0 0 0 0
J0542-0913 0 0 0 0 0 0 0 0
J0845-5458 0 0 0 0 0 0 0 0
J0529-7245 258.09999999999997 0 0 0 0 0 0 0
J2000-1748 441.7 0 0 0 0 0 0 0
J2024-3253 0 0 0 0 0 0 0 0
J0724-0715 0 0 0 0 0 0 0 0
J0750+1231 318.5 0 0 302.4 634.0 0 0 0
J1540+1447 0 0 0 0 0 0 0 0
J0439+3045 0 0 0 0 0 0 0 0
J0552-4522 0 0 0 0 0 0 0 0
J1332+0200 0 0 0 0 0 0 0 0
J0441-5154 151.1 0 0 0 0 0 0 0
J1825-1718 211.6 0 0 0 0 0 0 0
J2330-3724 0 0 0 0 0 0 0 0
J1505+0326 0 0 0 0 0 0 0 0
J1336-3357 0 0 0 0 0 0 0 0
J0245-4459 0 0 0 0 0 0 0 0
J0847-0703 0 0 0 0 0 0 0 0
J0909-1248 0 0 0 0 0 0 0 0
J1032-5917 0 0 0 272.5 0 0 0 0
J1347+1217 0 0 0 0 0 0 0 0
J2217+2421 0 0 0 0 0 0 0 0
J0401+0413 0 0 0 0 0 0 0 0
J0613+2604 0 0 0 0 0 0 0 0
J1041-6431 0 0 0 0 0 0 0 0
J1305-2850 0 0 0 0 0 0 0 0
J0438+2153 0 0 0 0 0 0 0 0
J1220+0203 0 0 90.7 0 0 0 0 0
J0319+4130 0 0 0 0 0 0 0 0
J1351-2912 0 0 0 0 0 0 0 0
J2343-5626 0 0 0 0 0 0 0 0
J1127-1857 0 0 0 0 0 0 0 0
J0125-0005 0 0 0 0 0 0 0 0
J1028-0236 0 0 0 0 385.0 544.1999999999999 0 0
J0106-2718 0 0 0 0 0 0 0 0
J2031+1219 0 0 0 0 0 0 0 0
J2254+0054 0 0 0 0 0 0 0 0
J2056-5820 0 0 0 0 0 0 0 0
J1038-2151 0 0 0 0 0 0 0 0
J1420-0642 0 0 0 0 0 0 0 0
J0521+1638 0 0 0 0 0 0 0 0
J1521+0420 0 0 0 0 0 0 0 0
J0631+2020 0 0 0 0 0 0 0 0
J1534+0131 0 0 0 0 0 0 0 0
J0743-5619 0 0 0 0 0 0 0 0
J0539-2839 0 0 0 0 0 0 0 0
J1159-0940 0 0 0 0 0 0 0 0
J0532-0307 0 0 0 0 0 0 0 0
J1333+2725 0 0 0 0 0 0 0 0
J0403+2600 0 0 0 0 0 0 0 0
J1243+1622 0 0 0 0 0 0 0 0
J1454-3747 0 0 0 0 0 0 0 0
J1819-6345 0 0 0 0 0 0 0 0
J0231-4746 0 120.9 0 0 0 0 0 0
J1043+2408 0 0 0 0 0 0 0 0
J1952+2526 0 0 0 0 0 0 0 0
J0026-3512 0 0 0 0 0 0 0 0
J0407+0742 0 0 0 0 0 0 0 0
J1516+0015 0 0 0 0 0 0 0 0
J1410+0203 0 0 0 364.8 0 0 0 0
J0213-0719 0 0 0 0 0 0 0 0
J0449-0057 0 0 0 0 0 0 0 0
J1733-3722 0 0 0 0 811.1 0 0 0
J0057-0024 0 0 0 0 0 0 0 0
J0700-6610 0 0 0 0 0 0 0 0
J1938+0448 0 0 0 0 0 0 0 0
J0340-2119 0 0 0 0 0 0 0 0
J0201-1132 0 0 0 0 0 0 0 0
J1159+2914 0 0 0 0 0 0 0 0
J1406-0707 0 0 0 0 0 0 0 0
J2203-6130 0 0 0 0 0 0 0 0
J0919-5340 0 0 0 0 0 0 0 0
J1217+3007 0 0 0 0 0 0 0 0
J1653+3107 0 0 0 0 0 0 0 0
J1404-0013 0 0 0 0 0 0 0 0
J1104-2431 0 0 0 0 0 0 0 0
J1434+1952 0 0 0 0 0 0 0 0
J0604-4225 0 0 0 0 0 0 0 0
J0202-0559 0 0 0 0 0 0 0 0
J1514-4748 0 0 0 0 0 0 0 0
J0433+0521 0 0 0 0 0 0 0 0
J2336-5236 0 0 0 0 0 0 0 0
J0122+2954 0 0 0 0 0 0 0 0
J0011-2612 0 0 0 0 0 0 0 0
J0824+3916 0 0 0 0 0 0 0 0
J0336-1302 0 0 0 272.3 0 0 0 0
J0130+0842 0 0 0 0 0 0 0 0
J0406-3826 0 0 0 0 0 0 0 0
J0149+1857 0 0 0 0 0 0 0 0
J0301+0118 90.7 0 0 0 0 0 0 0
J1613+3412 0 0 0 0 0 0 0 0
J1146-2859 0 0 0 0 0 0 0 0
J1308-6707 0 0 0 0 0 0 0 0
J0418+3801 0 0 0 0 0 0 0 0
J2349-4932 0 0 0 0 0 0 0 0
J0825-3218 0 0 0 0 0 0 0 0
J0715-6829 0 0 0 0 0 0 0 0
J1342-2900 544.6 0 0 364.1 0 0 0 0
J0056-4451 0 0 0 0 0 0 0 0
J0519+2744 0 0 0 0 0 0 0 0
J1222+0413 0 0 0 271.9 0 0 0 0
J0956+2515 0 0 0 60.6 0 0 0 0
J1430+1043 0 0 0 0 0 0 0 0
J1827-0405 0 0 0 0 0 0 0 0
J0635-7516 1727.1000000000001 0 0 0 0 0 0 0
J1706-4600 120.9 0 0 0 0 0 0 0
J2308+2008 0 0 0 0 0 0 0 0
J1206+0529 0 0 0 0 0 0 0 0
J1658+0741 0 0 0 0 0 0 0 0
J0612-3138 0 0 0 0 0 0 0 0
J0907-0042 0 0 0 0 0 0 0 0
J1155-5730 0 0 0 0 0 0 0 0
J1945-0153 0 0 0 0 0 0 0 0
J2324-3714 0 0 0 0 0 0 0 0
J1305-1033 0 0 0 0 0 0 0 0
J1008+0029 725.9 0 0 0 0 0 0 0
J0730-1141 0 0 0 0 0 0 0 0
J2000-1325 0 0 0 0 0 0 0 0
J1001+2911 0 0 0 0 0 0 0 0
J0349-4858 0 0 0 0 0 0 0 0
J1330+2509 0 0 0 0 0 0 0 0
J1551-1755 0 0 0 0 0 0 0 0
J0946+1017 90.7 0 0 0 0 0 0 0
J0815+3635 0 0 0 0 0 0 0 0
J0154+0823 0 0 0 0 0 0 0 0
J0214-6149 0 0 0 0 0 0 0 0
J1148+1840 265.8 0 0 0 0 0 0 0
J1829+3957 0 0 0 0 0 0 0 0
J1925+2106 0 0 0 0 0 0 0 0
J1753+2848 0 0 0 0 0 0 0 0
J1708+0035 0 0 0 0 0 0 0 0
J1321-2636 0 0 0 0 0 0 0 0
J0440+2728 0 0 0 0 0 0 0 0
J0012-3954 0 0 0 0 0 0 0 0
J1752-2956 363.0 0 0 0 0 0 0 0
J1042-4143 0 0 0 90.6 0 0 0 0
J1354-1041 0 0 0 0 0 0 0 0
J1531-5108 0 0 0 0 0 0 0 0
J2229-6910 0 0 0 0 0 0 0 0
J1846-0651 0 0 0 0 0 0 0 0
J0219+0120 0 0 0 0 0 0 0 0
J1259-2310 0 0 0 0 0 0 0 0
J2135-5006 0 0 0 0 0 0 0 0
J1833-2103 0 0 0 0 0 0 0 0
J0303-6211 0 0 0 0 0 0 0 0
J0745+1011 0 0 0 0 0 0 0 0
J2007+4029 0 0 0 0 0 0 0 0
J1744-5144 0 0 0 0 0 0 0 0
J1130-1449 0 0 0 0 0 0 0 0
J1924-2914 1700.8 620.9 0 2743.8 5120.599999999999 951.8 0 0
J0426+0518 0 0 0 0 0 0 0 0
J0629-1959 0 0 0 0 0 0 0 0
J1146-2447 0 0 0 0 0 0 0 0
J0209-0438 181.2 0 0 0 0 0 0 0
J0113-3551 0 0 0 0 0 0 0 0
J2124-4948 0 0 0 0 0 0 0 0
J2009-4849 0 0 0 0 0 0 0 0
J0823+2223 151.3 0 0 0 0 0 0 0
J1908+1201 0 0 0 0 0 0 0 0
J0059+0006 0 0 0 0 0 0 0 0
J1514+0252 0 0 0 0 0 0 0 0
J1357-1744 0 0 0 0 0 0 0 0
J1851+0035 273.5 0 0 383.9 0 0 0 0
J1812-2836 0 0 0 0 0 0 0 0
J1914+1636 0 0 0 0 0 0 0 0
J0547+2721 0 0 0 0 0 0 0 0
J1534-3526 0 0 0 453.5 0 0 0 0
J0136-4044 0 0 0 0 0 0 0 0
J0532+0732 0 0 0 0 0 0 0 0
J1438-3122 0 0 0 0 0 0 0 0
J2226+0052 0 0 0 604.8 0 0 0 0
J1720-3552 0 0 0 0 0 0 0 0
J0846-2607 0 0 0 0 0 0 0 0
J1230+1223 0 0 0 0 0 0 620.2 0
J1329+3154 0 0 0 0 0 0 0 0
J1658-0739 0 0 0 0 0 0 0 0
J0204-1701 0 0 0 0 0 0 0 0
J1147-3812 0 0 0 0 0 0 0 0
J1617-5848 2742.1000000000004 302.4 0 590.8 157.3 0 0 0
J1911-2006 0 0 0 0 0 0 0 0
J1058-8003 0 0 0 0 120.9 0 0 0
J0152+2207 0 0 0 0 0 0 0 0
J0826-2230 0 0 0 0 0 0 0 0
J0541-0541 0 0 0 0 0 0 0 0
J0544+1118 0 0 0 0 0 0 0 0
J0034-0054 0 0 0 0 0 0 0 0
J0040+0125 0 0 0 0 0 0 0 0
J0155+2230 0 0 0 0 0 0 0 0
J0613+1708 0 0 0 0 0 0 0 0
J0118-2141 0 0 0 0 0 0 0 0
J2345-1555 0 0 0 0 0 0 0 0
J1254-6111 0 0 0 0 0 0 0 0
J0042-4030 0 0 0 0 0 0 0 0
J0519-4546 2022.4 0 0 151.2 0 0 0 0
J0119+0829 0 0 0 0 0 0 0 0
J0402-3147 0 0 0 0 0 0 0 0
J1131-0500 0 0 0 0 0 0 0 0
J2130+1643 0 0 0 0 0 0 0 0
J1452-1319 0 0 0 0 0 0 0 0
J1041+0610 0 0 0 0 0 0 0 0
J2358-1020 0 0 0 0 0 0 0 0
J0702-1951 0 0 0 0 0 0 0 0
J1550+0527 604.8 318.5 0 0 0 0 0 0
J2358-4555 0 0 0 0 0 0 0 0
J0531-4827 0 0 0 0 0 0 0 0
J1124+2336 0 0 0 0 0 0 0 0
J1319-0049 0 0 0 0 0 0 0 0
J1651+0129 0 0 0 0 0 0 0 0
J0240-0504 0 0 0 0 0 0 0 0
J2331-1556 0 0 0 0 0 0 0 0
J1146+3958 0 0 0 0 0 0 0 0
J2327+0940 0 0 0 0 0 0 0 0
J0329-2357 0 0 0 0 0 0 0 0
J0453-2807 0 0 0 0 0 0 0 0
J0517-0520 0 0 0 0 0 0 0 0
J1108+0811 0 0 0 0 0 0 0 0
J1246-2547 0 0 0 0 0 0 0 0
J2216-1122 0 0 0 0 0 0 0 0
J2158-1501 0 0 0 0 0 0 0 0
J1019-6047 0 0 0 0 0 0 0 0
J1038-5311 0 0 0 0 0 0 0 0
J1258-1800 0 0 0 0 0 0 0 0
J1536-3151 0 0 0 0 0 0 0 0
J1103+3014 0 0 0 0 0 0 0 0
J0933-1139 0 0 0 0 0 0 0 0
J2147+0929 0 0 0 0 0 0 0 0
J0901-0037 0 0 0 0 0 0 0 0
J0120-2701 0 0 0 0 0 0 0 0
J1225+1253 0 0 0 0 0 0 0 0
J0134-3843 0 0 0 0 0 0 0 0
J1133+0015 0 0 0 0 0 0 0 0
J0609-1542 0 0 0 0 0 0 0 0
J1112-5703 0 0 0 0 0 0 0 0
J2222+1213 0 0 0 0 0 0 0 0
J0321-0526 0 0 0 0 0 0 0 0
J1629-1720 0 0 0 0 0 0 0 0
J1145-6954 0 0 0 0 0 0 0 0
J1743-0350 0 0 0 0 0 0 0 0
J1025+1253 0 0 0 0 0 0 0 0
J2141-3729 0 0 0 0 0 0 0 0
J1619+2247 0 0 0 0 0 0 0 0
J0422+0219 0 0 0 0 0 0 0 0
J0526-6749 0 0 0 0 0 0 0 0
J0725-0054 302.4 0 0 0 0 0 0 0
J1254+1141 0 0 0 0 0 0 0 0
J1816-3052 0 0 0 0 0 0 0 0
J1907+0907 0 0 0 0 0 0 0 0
J1522-2730 0 0 0 0 0 0 0 0
J0058-5219 0 0 0 0 0 0 0 0
J0441-3300 0 0 0 0 0 0 0 0
J0143-3200 0 0 0 0 0 0 0 0
J2353-3037 0 0 0 0 0 0 0 0
J1555-4150 0 0 0 0 0 0 0 0
J1532-1319 0 0 0 0 0 0 0 0
J0006-0623 1818.9 0 0 604.8 606.3 0 0 0
J0357+2319 0 0 0 0 0 0 0 0
J1304-0346 0 0 0 0 0 0 0 0
J1751-1950 151.20000000000002 0 0 0 0 0 0 0
J0854+2006 923.3 0 910.2 939.5 0 0 0 0
J1935+2031 0 0 0 0 0 0 0 0
J1458+0416 0 0 0 0 0 0 0 0
J0527-1002 0 0 0 0 0 0 0 0
J1332-0509 0 0 0 0 0 0 0 0
J0555+3948 0 0 0 0 0 0 0 0
J1107-6820 0 0 0 0 0 0 0 0
J1147-0724 0 0 0 0 0 0 0 0
J0336+3218 211.79999999999998 0 0 0 0 0 0 0
J1232-0224 0 0 0 0 0 0 0 0
J2047-0246 0 0 0 0 0 0 0 0
J1719+1745 0 0 0 0 0 0 0 0
J0851-5228 0 0 0 0 0 0 0 0
J2358+3922 0 0 0 0 0 0 0 0
J1133+0040 0 0 0 0 0 0 0 0
J0209+1352 0 0 0 0 0 0 0 0
J2225-0457 0 0 0 0 0 0 0 0
J0058-3234 0 0 0 0 0 0 0 0
J1337-2951 0 0 0 0 0 0 0 0
J1549+0237 0 0 0 0 0 0 0 0
J2354-1513 0 0 0 0 0 0 0 0
J1007+1356 0 0 0 0 0 0 0 0
J1408-2900 0 0 0 0 0 0 0 0
J1024-3234 0 0 0 0 0 0 0 0
J1208-7809 0 0 0 0 0 0 0 0
J2235-4835 0 0 0 0 0 0 0 0
J1653-1551 0 0 0 0 0 0 0 0
J0450-8101 0 0 0 0 0 0 0 0
J0309+1029 0 0 0 0 0 0 0 0
J0126-0120 0 0 0 0 0 0 0 0
J0115-0127 0 0 0 0 0 0 0 0
J2109+3532 0 0 0 0 0 0 0 0
J1713-3418 0 0 0 0 0 0 0 0
J1103-3251 0 423.5 0 0 0 0 0 0
J1019-2708 0 0 0 0 0 0 0 0
J1703-6212 0 0 0 0 0 0 0 0
J0426+2327 0 0 0 0 0 0 0 0
J0116-2052 0 0 0 0 0 0 0 0
J1557-0001 0 0 0 0 0 0 0 0
J1230+2518 0 0 0 0 0 0 0 0
J0501-0159 0 0 0 0 0 0 0 0
J1322-6532 0 0 0 0 0 0 0 0
J0038-2459 483.79999999999995 0 0 0 242.00000000000003 0 0 0
J0004-1148 0 0 0 0 0 0 0 0
J1641+2257 0 0 0 0 0 0 0 0
J1600-5811 0 0 0 0 0 0 0 0
J1254-4424 0 0 0 0 0 0 0 0
J0607-6031 60.5 0 0 0 0 0 0 0
J1419+3821 0 0 0 0 0 0 0 0
J1352-4412 0 0 0 0 0 0 0 0
J0519+0848 0 0 0 0 0 0 0 0
J2257+0743 0 0 0 0 0 0 0 0
J0239+0416 0 0 0 0 0 0 0 0
J0725-2640 0 0 0 0 0 0 0 0
J0603+1742 0 0 0 0 0 0 0 0
J1951-0509 0 0 0 0 0 0 0 0
J2241+0953 0 0 0 0 0 0 0 0
J1830+0619 0 0 0 0 0 0 0 0
J1421-1931 0 0 0 0 0 0 0 0
J1205-2634 0 0 0 0 0 0 0 0
J1534-2243 0 0 0 0 0 0 0 0
J0828-3731 0 0 0 0 0 0 0 0
J2106+2500 0 0 0 0 0 0 0 0
J0539+1433 0 0 0 0 0 0 0 0
J2023-0123 0 0 0 0 0 0 0 0
J0057+3021 0 0 0 0 0 0 0 0
J0825+2704 0 0 0 0 0 0 0 0
J2323-0317 0 0 0 0 308.40000000000003 0 0 0
J1546+0026 0 0 0 0 0 0 0 0
J0107+1312 0 0 0 0 0 0 0 0
J1820-2528 0 0 0 0 0 0 0 0
J1303+2433 0 0 0 0 0 0 0 0
J0502+0609 0 0 0 151.1 0 0 0 0
J1331+3030 0 0 0 302.5 0 0 0 0
J2141-6411 0 0 0 0 0 0 0 0
J1011-0423 0 0 0 0 0 0 0 0
J1241+1649 0 0 0 0 0 0 0 0
J0422+3058 0 0 0 0 0 0 0 0
J2224-1126 241.79999999999998 0 0 0 0 0 0 0
J0954+1743 0 0 0 0 0 0 0 0
J2248-3235 0 0 0 0 0 0 0 0
J0608-2220 0 0 0 0 0 0 0 0
J1333-2356 0 0 0 0 0 0 0 0
J1419+0628 0 0 0 0 0 0 0 0
J0757+0956 0 0 0 0 0 0 0 0
J1957-3845 0 0 0 0 0 0 0 0
J1327+2210 0 0 0 151.3 373.49999999999994 0 0 0
J0449+1121 0 0 0 0 0 0 0 0
J1812-0648 0 0 0 0 0 0 0 0
J0116-1136 0 0 0 0 0 0 0 0
J1118+1234 514.0999999999999 0 0 211.5 0 0 0 0
J1517-2422 302.4 0 0 907.1999999999999 3990.3999999999996 318.5 0 0
J0145-2733 0 0 0 0 0 0 0 0
J0912+2205 0 0 0 0 0 0 0 0
J0451-4653 0 0 0 0 0 0 0 0
J1522+3144 0 0 0 0 0 0 0 0
J0210-5101 0 0 0 0 0 0 0 0
J0037+1109 0 0 0 0 0 0 0 0
J0205+3212 0 0 0 0 0 0 0 0
J0427+0457 0 0 0 0 0 0 0 0
J1832-2039 181.29999999999998 199.5 0 241.89999999999998 0 0 0 0
J0731-2224 0 0 0 0 0 0 0 0
J0058+0620 0 0 0 0 0 0 0 0
J1838+0404 0 0 0 0 0 0 0 0
J1930-6056 0 0 0 0 0 0 0 0
J1606+1814 0 0 0 0 0 0 0 0
J0550+2326 0 0 0 0 0 0 0 0
J2320+0513 0 0 0 544.5 0 0 0 0
J1603-4904 227.8 0 0 0 0 0 0 0
J1419+2706 0 0 0 0 0 0 0 0
J1424-6807 0 0 0 0 0 0 0 0
J1840+3900 0 0 0 0 0 0 0 0
J0504-1512 0 0 0 0 0 0 0 0
J1130+3031 0 0 0 0 0 0 0 0
J1312-0424 0 0 0 0 0 0 0 0
J0425-5331 0 0 0 332.5 0 0 0 0
J2346+0930 0 0 0 0 0 0 0 0
J1325-4301 0 0 0 0 0 0 0 0
J2039+2152 0 0 0 0 0 0 0 0
J1550-8258 0 0 0 0 0 0 0 0
J2230-4416 0 0 0 0 0 0 0 0
J0336-2644 0 0 0 0 0 0 0 0
J0348-1610 0 0 0 0 0 0 0 0
J0102-7546 0 0 0 0 0 0 0 0
J2114+2832 0 0 0 0 0 0 0 0
J1012+2312 0 0 0 0 0 0 0 0
J0117+1418 169.3 0 0 0 0 0 0 0
J2236-1433 0 0 0 0 0 0 0 0
J2214+0711 0 0 0 0 0 0 0 0
J2139+1423 0 0 0 0 0 0 0 0
J0239-0234 151.1 0 0 242.10000000000005 0 0 0 0
J0654-1053 0 0 0 0 0 0 0 0
J2223-3137 0 0 0 0 0 0 0 0
J2056-3208 0 0 0 0 60.6 0 0 0
J2131-1207 0 0 0 0 0 0 0 0
J1650-2943 0 0 0 0 0 0 0 0
J1946-5812 0 0 0 0 0 0 0 0
J0559-1817 0 0 0 0 0 0 0 0
J1956-3225 0 0 0 0 0 0 0 0
J0124-5113 0 0 0 0 0 0 0 0
J1224+0330 0 0 0 0 0 0 0 0
J0743-3803 0 0 0 0 0 0 0 0
J2052+1619 0 0 0 0 0 0 0 0
J2027-4726 0 0 0 0 0 0 0 0
J1312-7724 0 0 0 0 0 0 0 0
J1309+1154 524.0999999999999 0 0 0 0 0 0 0
J2300+1655 0 0 0 0 0 0 0 0
J2359-3133 0 0 0 846.5 0 0 0 0
J0836+2728 0 0 0 0 0 0 0 0
J1717-3948 0 0 0 0 0 0 0 0
J0849-3541 0 0 0 0 0 0 0 0
J1224+2122 0 0 0 0 0 0 0 0
J0530+1331 0 0 0 0 0 0 0 0
J2218+1520 0 0 0 0 0 0 0 0
J0022+0608 0 0 0 0 0 0 0 0
J1607-3331 0 0 0 0 0 0 0 0
J1152-0841 0 0 0 0 0 0 0 0
J2306-0459 0 0 0 0 0 0 0 0
J2158-3013 0 0 0 0 0 0 0 0
J0133-5200 0 0 0 0 0 0 0 0
J0808-0751 0 0 0 0 0 0 0 0
J0831+0429 0 0 0 0 0 0 0 0
J0731-2341 0 0 0 0 0 0 0 0
J1445-1629 0 0 0 0 0 0 0 0
J1135-0428 0 0 0 0 0 0 0 0
J0940+2603 0 0 0 0 0 0 0 0
J0816-2421 0 0 0 0 0 0 0 0
J2216+3518 0 0 0 0 0 0 0 0
J1342-2051 0 0 0 0 0 0 0 0
J2034+1154 0 0 0 0 0 0 0 0
J0608-5456 0 0 0 0 0 0 0 0
J1744-3116 363.3 0 0 0 725.6 0 0 0
J0334-4008 618.5999999999999 1846.6999999999998 0 1934.6 1059.0 0 0 0
J0403-2444 0 0 0 0 0 0 0 0
J1051+2027 0 0 0 0 0 0 0 0
J0950+0615 0 0 0 0 0 0 0 0
J1357+1919 0 0 0 0 0 0 0 0
J2025-2845 0 0 0 0 0 0 0 0
J0304+3348 0 0 0 0 0 0 0 0
J2206-0031 0 0 0 0 0 0 0 0
J1553-2422 0 0 0 0 0 0 0 0
J1342+2709 0 0 0 0 0 0 0 0
J1953+3537 0 0 0 0 0 0 0 0
J2229-0832 0 0 0 0 0 0 0 0
J2148+0657 751.6999999999999 0 0 923.3 485.9 0 0 0
J1145+0455 0 0 0 0 0 0 0 0
J1321-4342 258.0 0 0 0 0 0 0 0
J2050+3619 0 0 0 0 0 0 0 0
J0315-1031 0 0 0 0 0 0 0 0
J0811-4929 0 0 0 0 0 0 0 0
J0151-1732 0 0 0 0 0 0 0 0
J1717-5155 0 0 0 0 0 0 0 0
J0908+1609 0 0 0 0 0 0 0 0
J0614-2536 0 0 0 0 0 0 0 0
J1834-0301 0 0 0 0 0 0 0 0
J1450+0910 0 0 0 0 0 0 0 0
J1048-1909 0 0 0 0 0 0 0 0
J1709-3525 0 0 0 0 0 0 0 0
J0516-7237 0 0 0 0 0 0 0 0
J1227-4436 0 0 0 0 0 0 0 0
J1122+1805 0 0 0 0 0 0 0 0
J2040-5735 0 0 0 0 0 0 0 0
J0502+3436 0 0 0 0 0 0 0 0
J1727-1951 0 0 0 0 0 0 0 0
J1545+2006 0 0 0 0 0 0 0 0
J1802-3940 0 0 0 0 0 0 0 0
J0223-5347 0 0 0 0 0 0 0 0
J0922-3959 0 0 0 0 0 0 0 0
J0601-7036 0 0 0 0 0 0 0 0
J0825+0309 0 0 0 0 0 0 0 0
J1036-3744 0 0 0 0 0 0 0 0
J1753-5015 0 0 0 0 0 0 0 0
J2120+0533 0 0 0 0 0 0 0 0
J0559+2353 0 0 0 0 0 0 0 0
J0948+0022 756.1 90.7 0 772.4 739.9 0 0 0
J2056-4714 0 0 0 620.9 0 0 0 0
J0552+1913 0 0 0 0 0 0 0 0
J0648-3044 0 0 0 0 0 0 0 0
J1329-5608 0 0 0 0 0 0 0 0
J1357-1527 0 0 0 0 0 0 0 0
J0017-0512 0 0 0 0 0 0 0 0
J0552+0313 0 0 0 0 0 0 0 0
J1342-3240 0 0 0 0 0 0 0 0
J1217-0029 0 0 0 0 0 0 0 0
J0653-0625 0 0 0 0 0 0 0 0
J1832-1035 60.4 0 0 0 0 0 0 0
J1038+0512 0 0 0 0 0 0 0 0
J1604-2223 0 0 0 0 0 0 0 0
J1058+0133 3410.1 302.4 0 2270.1 3578.7000000000003 0 0 0
J0606-0724 0 0 0 0 0 0 0 0
J0359-2615 0 0 0 0 0 0 0 0
J0518+3306 0 0 0 0 0 0 0 0
J0050-0929 0 0 0 0 0 0 0 0
J0438+3004 211.39999999999998 0 0 0 0 0 0 0
J0327-1803 0 0 0 0 0 0 0 0
J1209-2406 0 0 0 0 0 0 0 0
J0403-3605 0 0 0 0 0 0 0 0
J0603+2159 0 0 0 0 0 0 0 0
J2357-5311 923.3 0 0 316.2 0 0 0 0
J1627-2426 0 0 0 0 0 0 0 0
J1408-5712 0 0 0 0 0 0 0 0
J2216-1124 0 0 0 0 0 0 0 0
J0423-0120 643.5999999999999 0 0 955.5999999999999 0 0 0 0
J0927+3902 0 0 0 0 0 0 0 0
J1424-4913 0 0 0 0 0 0 0 0
J0211+1051 0 0 0 0 0 0 0 0
J1448-1620 0 0 0 0 0 0 0 0
J1216-1033 0 0 0 0 0 0 0 0
J2236-0406 0 0 0 0 0 0 0 0
J2208-6325 0 0 0 0 0 0 0 0
J1636-4102 0 0 0 0 0 0 0 0
J0943-0819 0 0 0 0 0 0 0 0
J0549-5246 0 0 0 0 0 0 0 0
J0327+0044 0 0 0 0 0 0 0 0
J2256-2735 0 0 0 0 0 0 0 0
J2243-2544 0 0 0 0 0 0 0 0
J2258-2758 433.2 0 0 1277.1999999999998 0 372.0 0 0
J1246-0730 0 0 0 90.8 0 0 0 0
J1747-5310 0 0 0 0 0 0 0 0
J1406-0848 0 0 0 0 0 0 0 0
J1215-1731 362.9 0 0 0 0 0 0 0
J0117-2111 0 0 0 0 0 0 0 0
J0309-6058 0 0 0 0 0 683.5999999999999 0 0
J1427+2348 0 0 0 0 0 0 0 0
J1239-1023 0 0 0 0 0 0 0 0
J1335-0511 0 0 0 0 0 0 0 0
J0550-5732 0 0 0 0 0 0 0 0
J1751+0947 0 0 0 0 0 0 0 0
J0921-2618 0 0 0 0 0 0 0 0
J2136+0041 0 0 0 0 0 0 0 0
J2334+0736 0 0 0 0 0 0 0 0
J1206-6138 0 0 0 0 0 0 0 0
J1656+1826 0 0 0 0 0 0 0 0
J2230-1325 0 0 0 0 0 0 0 0
J1107-3043 0 0 0 0 215.7 0 0 0
J1238+0723 0 0 0 0 0 0 0 0
J1453+2648 0 0 0 0 0 0 0 0
J0315-1656 0 0 0 0 0 0 0 0
J1624-3213 0 0 0 0 0 0 0 0
J0217+0144 0 0 0 0 0 0 0 0
J1148-7819 0 0 0 0 0 0 0 0
J0521+2112 0 0 0 0 0 0 0 0
J0115-2804 0 0 0 0 0 0 0 0
J1722+2815 0 0 0 0 0 0 0 0
J0141-0202 0 0 0 0 0 0 0 0
J1625-2527 0 0 0 0 961.9999999999999 0 0 0
J2343+2339 0 0 0 0 0 0 0 0
J2210+2013 0 0 0 0 0 0 0 0
J0106-4034 0 0 0 0 0 0 0 0
J0529-0519 0 0 0 0 0 0 0 0
J1603+1105 0 0 0 0 0 0 0 0
J0703-0051 0 0 0 0 0 0 0 0
J1502-1508 0 0 0 0 0 0 0 0
J0656-0323 0 0 0 0 0 0 0 0
J0423+4150 0 0 0 0 0 0 0 0
J0051-4226 0 0 0 0 0 0 0 0
J1112+3446 0 0 0 0 0 0 0 0
J1307-5019 0 0 0 0 0 0 0 0
J0204+1514 0 0 0 0 0 0 0 0
J0435+2532 0 0 0 0 0 0 0 0
J1448+0402 0 0 0 0 0 0 0 0
J0217-0820 0 0 0 0 0 0 0 0
J1652-0400 0 0 0 0 0 0 0 0
J1825-5230 0 0 0 0 0 0 0 0
J0512+2927 0 0 0 0 0 0 0 0
J0202-1948 0 0 0 0 0 0 0 0
J1532+2344 0 0 0 0 0 0 0 0
J1922+1530 60.4 0 0 0 0 0 0 0
J0701-4634 0 0 0 0 0 0 0 0
J1252-6737 0 0 0 0 0 0 0 0
J1743-1658 0 0 0 786.0 0 0 0 0
J1717-3342 1997.8000000000002 0 0 0 0 0 0 0
J1326-5256 0 0 0 0 0 0 0 0
J2151-3027 123.0 0 0 0 0 0 0 0
J0559-4529 0 0 0 0 0 0 0 0
J1330-3122 0 0 0 0 0 0 0 0
J0918-0628 0 0 0 0 0 0 0 0
J2316-4337 0 0 0 0 0 0 0 0
J0350-3232 0 0 0 0 0 0 0 0
J2123+0535 0 0 0 0 0 0 0 0
J0341+3352 0 0 0 0 0 0 0 0
J1014+2301 0 0 0 0 0 0 0 0
J1923-6320 0 0 0 0 0 0 0 0
J2336-4115 0 0 0 0 0 0 0 0
J1229+0203 786.0999999999999 0 2123.0 3172.4999999999995 997.7 910.3 157.3 0
J2023+3153 0 0 0 0 0 0 0 0
J1310+3220 0 0 0 0 0 0 0 0
J1102-4404 0 0 0 0 0 0 0 0
J1617-7717 0 0 0 0 0 0 0 0
J1955+1358 0 0 0 423.5 0 0 0 0
J0516-6207 0 0 0 0 0 0 0 0
J0616-1041 0 0 0 0 0 0 0 0
J0049+0237 0 0 0 0 0 0 0 0
J0852+2833 0 0 0 0 0 0 0 0
J2323-0617 0 0 0 0 0 0 0 0
J1248-0632 0 0 0 0 0 0 0 0
J1118-4634 0 0 0 0 0 0 0 0
J0238+1636 1514.0 0 0 469.79999999999995 0 0 0 0
J0349-2102 0 0 0 0 0 0 0 0
J1102+2757 0 0 0 151.20000000000002 0 0 0 0
J0718-4319 0 0 0 0 0 0 0 0
J1755-2232 0 0 0 0 0 0 0 0
J1007-3333 0 0 0 0 0 0 0 0
J2238+1242 0 0 0 0 0 0 0 0
J1101-6056 0 0 0 0 0 0 0 0
J1037-2934 0 637.0999999999999 0 0 332.7 0 0 0
J1221+2813 0 0 0 0 0 0 0 0
J1427-4206 3904.2 0 0 2850.3999999999996 1451.4 318.5 0 0
J2109-4110 0 0 0 0 0 0 0 0
J2300+0337 0 0 0 0 0 0 0 0
J0808+0514 0 0 0 151.2 0 0 0 0
J0538-4405 907.1999999999999 0 0 302.4 0 0 0 0
J1010-0200 0 0 0 362.79999999999995 1246.0 0 0 0
J0529-2515 0 0 0 0 0 0 0 0
J2200+1030 0 0 0 0 0 0 0 0
J2105-4848 0 0 0 151.29999999999998 0 0 0 0
J1339-2620 0 0 0 0 0 0 0 0
J1905+0952 0 0 0 0 0 0 0 0
J1733-1304 3839.0 181.39999999999998 0 0 850.0999999999999 0 0 0
J0340-0254 0 0 0 0 0 0 0 0
J0422-0643 0 0 0 0 0 0 0 0
J1848+3219 0 0 0 0 0 0 0 0
J2236+2828 0 0 0 0 0 0 0 0
J0916+3854 0 0 120.8 0 0 0 0 0
J1510-0543 0 0 0 0 0 0 0 0
J0112+3208 0 0 0 0 0 0 0 0
J2232+1143 241.79999999999998 316.2 0 172.9 0 0 0 0
J0200+0322 0 0 0 0 0 0 0 0
J1136-7415 0 0 0 0 0 0 0 0
J0650-1637 0 0 0 0 0 0 0 0
J0146-5202 0 0 0 0 0 0 0 0
J1220-5604 0 0 0 0 0 0 0 0
J0904-5735 0 0 0 955.5 0 0 0 0
J0510-3142 0 0 0 0 0 0 0 0
J0429+2724 0 0 0 0 0 0 0 0
J0208-0047 0 0 0 0 0 0 0 0
J0457-2324 0 0 0 0 0 0 0 0
J2151-2742 0 0 0 0 0 0 0 0
J2146-1525 0 0 0 0 0 0 0 0
J1059-1134 0 0 0 0 0 0 0 0
J1002+1216 0 0 0 199.7 0 0 0 0
J0700+1709 0 0 0 0 0 0 0 0
J0440+1437 0 0 0 0 0 0 0 0
J0334+0800 0 0 0 0 0 0 0 0
J1319-1217 0 0 0 0 0 0 0 0
J1509-4340 0 0 0 0 0 0 0 0
J2315-5018 0 0 0 0 0 0 0 0
J0151+2517 0 0 0 0 0 0 0 0
J1107-4449 0 0 0 302.4 0 0 0 0
J0040-0146 0 0 0 0 0 0 0 0
J2025-0735 0 0 0 0 199.60000000000005 0 0 0
J0126-2222 0 0 0 0 0 0 0 0
J0252+1718 0 0 0 0 0 0 0 0
J0607-0834 0 0 0 0 0 0 0 0
J1012+0630 0 0 0 0 0 0 0 0
J0632-2614 0 0 0 0 0 0 0 0
J2035+1056 0 0 0 0 0 0 0 0
J0510+1800 948.5 0 0 637.0 0 0 0 0
J0013-0423 0 0 0 0 0 0 0 0
J0138-0540 0 0 0 0 0 0 0 0
J0121+1149 0 0 0 0 0 0 0 0
J1239+0730 0 0 0 272.0 92.9 0 0 0
J0440-4333 0 0 0 0 0 0 0 0
J2328-4035 0 0 0 0 0 0 0 0
J1610-3958 0 0 0 242.0 241.9 0 0 0
J1008-0933 0 0 0 0 0 0 0 0
J1446+1721 0 0 0 484.0 0 0 0 0
J0428-6438 0 0 0 0 0 0 0 0
J0103-6439 0 0 0 0 0 0 0 0
J0643+0857 0 0 0 0 0 0 0 0
J1543-0757 0 0 0 0 0 0 0 0
J1700-2610 922.0 0 0 0 0 0 0 0
J0237+2848 629.8 0 0 0 0 0 0 0
J1441-1523 0 0 0 0 0 0 0 0
J1425+1424 0 0 0 0 0 0 0 0
J0642+3509 0 0 0 0 0 0 0 0
J1619-1817 0 0 0 0 0 0 0 0
J2050+0407 0 0 0 0 0 0 0 0
J0257-1212 0 0 0 0 0 0 0 0
J1007-0207 0 0 0 0 0 0 0 0
J0929-3801 0 0 0 0 0 0 0 0
J0513-2159 0 0 0 0 0 0 0 0
J1751+0939 900.5999999999999 0 0 2596.3 0 0 0 0
J1229-6003 0 0 0 0 0 0 0 0
J1653+3945 0 0 0 0 0 0 0 0
J0658-5840 0 0 0 0 0 0 0 0
J0152+3716 0 0 0 0 0 0 0 0
J2301-0158 0 0 0 0 0 0 0 0
J2213-2529 0 0 0 0 0 0 0 0
J0648-1744 0 0 0 0 0 0 0 0
J1617-1941 0 0 0 0 0 0 0 0
J0327-2202 0 0 0 0 0 0 0 0
J1258-2219 0 0 0 0 0 0 0 0
J0326-3243 0 0 0 0 0 0 0 0
J1524-5903 0 0 0 0 0 0 0 0
J2329-4730 0 0 0 0 0 0 0 0
J1604-4228 0 0 0 0 0 0 0 0
J0431+2037 0 0 0 0 0 0 0 0
J0416-1851 0 0 0 0 0 0 0 0
J2101-2933 0 0 0 0 0 0 0 0
J0839+0104 0 0 0 0 0 0 0 0
J0212-1746 0 0 0 0 0 0 0 0
J1048+0055 0 0 0 0 0 0 0 0
J2152+1734 0 0 0 0 0 0 0 0
J0433+2905 0 0 0 0 0 0 0 0
J0746+2734 151.0 0 0 0 0 0 0 0
J1945-5520 0 0 0 0 0 0 0 0
J0220+3241 0 0 0 0 0 0 0 0
J2339-3310 0 0 0 0 0 0 0 0
J0940-6107 0 0 0 0 0 0 0 0
J2217+0220 0 0 0 0 0 0 0 0
J1101-6325 0 0 0 0 0 0 0 0
