#calName, ra, dec, zCal
J0004-1148, 1.02047912088, -11.8162182639, -999
J0006-0623, 1.55788749999, -6.39314861111, 0.347
J0010+1058, 2.62919127912, 10.9748623194, 0.089
J0010+1724, 2.64162761251, 17.4052114778, 1.601
J0011-2612, 2.75519475, -26.2092713889, 1.096
J0012-3954, 3.24962437916, -39.9072372111, 0.493
J0013+4051, 3.37970917498, 40.8603178306, 0.2555
J0013-0423, 3.47554566663, -4.39785966389, 1.075
J0016-0015, 4.04620230416, -0.253457019444, 1.576
J0017-0512, 4.39923839581, -5.211601975, 0.227
J0019+2021, 4.90772707084, 20.3626790694, -999
J0022+0608, 5.63517166667, 6.13451916667, -999
J0026-3512, 6.56827979167, -35.2135531389, 0.6
J0029+3456, 7.309344, 34.942294, 0.517
J0030-4224, 7.57288583745, -42.4129114389, 0.495
J0034-0054, 8.68300818745, -0.903621008334, 0.656
J0037+1109, 9.35850590001, 11.1641448, -999
J0038-2459, 9.56139795003, -24.9839542361, 0.498
J0040+0125, 10.0563562, 1.4295416, 0.226
J0040-0146, 10.2400482583, -1.77556285, 1.177
J0040-3243, 10.0730862625, -32.7243958444, -999
J0040-4253, 10.13547775, -42.8864973889, -999
J0045-3705, 11.3002748583, -37.0967970972, 1.0
J0049+0237, 12.4301498, 2.6177162, 1.474
J0049-4457, 12.319267, -44.953101, 0.1213
J0050-0452, 12.5897282667, -4.87238733611, 0.922
J0050-0929, 12.6721557791, -9.48478062778, 0.635
J0051-0650, 12.7842075833, -6.83395252222, 1.975
J0051-4226, 12.7895909167, -42.4425815, 1.749
J0056+1625, 14.2303930417, 16.4203725139, 0.206
J0056-4451, 14.1910550208, -44.8505948417, 0.6
J0057+3021, 14.4536805792, 30.3524478028, 0.016
J0057-0024, 14.3208425833, -0.409216055556, 2.748
J0057-7040, 14.3152720833, -70.6795245556, 1.0
J0058+0620, 14.6408523958, 6.33502035278, 0.592
J0058-3234, 14.5092928333, -32.57243025, 1.37
J0058-5219, 14.7329171875, -52.3243984722, -999
J0058-5659, 14.6940882499, -56.9865195222, 0.018
J0059+0006, 14.7729789, 0.1143392, 0.719
J0102-7546, 15.57775055, -75.7810355333, 1.017
J0103-6439, 15.8905902667, -64.6521347667, 0.163
J0104-2416, 16.2425224501, -24.2745681528, 2.0
J0106-2718, 16.6086753458, -27.3032848417, 2.487
J0106-4034, 16.6879498792, -40.5722111694, 0.584
J0107+1312, 16.9415079, 13.201442, 0.76
J0108+0135, 17.1615462917, 1.58342147222, 2.099
J0110-6315, 17.5696673708, -63.2656528083, 0.8
J0112+2244, 18.024270, 22.744107, 0.265
J0112+3208, 18.2097210833, 32.1381756944, 0.603
J0112+3522, 18.0539350125, 35.3720379389, 0.45
J0112-6634, 18.0788039292, -66.5792188417, 1.189
J0113+0222, 18.4297706375, 2.37147676111, 0.047
J0113-3551, 18.31606845, -35.8634353861, 1.22
J0115-2804, 18.8495151541, -28.0820066806, 3.0
J0116-1136, 19.0521751166, -11.6042873861, 0.671
J0116-2052, 19.2141885417, -20.8685782778, 1.41
J0117+1418, 19.3550133, 14.30345, 0.839
J0117-2111, 19.4532505833, -21.1851758445, 1.49
J0118-2141, 19.7385924333, -21.6917055833, 1.161
J0119+0829, 19.7553088708, 8.49852755556, 0.594
J0120-2701, 20.1319307917, -27.0235145556, 0.558
J0121+0422, 20.4869237416, 4.373537325, 0.637
J0121+1149, 20.4233126833, 11.8306703278, 0.57
J0124-5113, 21.2391311375, -51.2211576306, 1.104
J0125-0005, 21.3701826125, -0.0988700111111, 1.075
J0130+0842, 22.6151434999, 8.7128256, 0.725
J0132-1654, 23.1811977708, -16.9134782889, 1.02
J0133-5200, 23.2740106667, -52.001096, 0.02
J0134-3843, 23.6334589124, -38.7259395945, 2.14
J0136-4044, 24.0119023167, -40.7473052806, 0.649
J0137+3309, 24.422081, 33.1597591667, 0.367
J0137-2430, 24.409776875, -24.5149681667, 0.838
J0138-0540, 24.7160469167, -5.66895625, 2.004
J0139+1753, 24.9249132791, 17.8854305667, 2.72
J0141-0202, 25.3907923667, -2.03932040833, 1.281
J0141-0928, 25.3576339626, -9.47879836668, 0.674
J0143-3200, 25.7922147542, -32.0157366195, 0.375
J0145-2733, 26.2641443666, -27.5595360861, 1.152
J0146-5202, 26.7024217, -52.0426807194, 0.098
J0149+0555, 27.343212, 5.93154686111, 2.345
J0149+1857, 27.4571622666, 18.9557253806, 0.584
J0151+2517, 27.7759744, 25.291295, 3.1
J0151+2744, 27.8631091, 27.7449427, 1.26
J0151-1732, 27.7753473708, -17.5457551306, 0.69788
J0152+2207, 28.0752460208, 22.1188055139, 1.32
J0152+3716, 28.0509165, 37.26825, 0.761
J0154+0823, 28.5115422, 8.39752, 0.681
J0155+2230, 28.9955641, 22.503296, 1.456
J0159-7231, 29.893336, -72.529287, -999
J0200+0322, 30.1700685833, 3.38041869444, 1.58
J0202-0559, 30.5286028583, -5.98336723056, 0.189
J0204+1514, 31.2100579042, 15.2364010222, 0.8336
J0204-1701, 31.2403097917, -17.0221778889, 1.739
J0205+3212, 31.27052235, 32.2083598611, 1.466
J0208-0047, 32.1097745417, -0.795637027778, 2.025
J0209-0438, 32.3781945875, -4.64059608889, 1.128
J0210-5101, 32.692501775, -51.0171921667, 1.001
J0211+1051, 32.8049057917, 10.8596663889, 0.2
J0215-0222, 33.925072, -2.38243111111, 1.178
J0216-1017, 34.1619828041, -10.2841670917, -999
J0217+0144, 34.45397815, 1.74713863889, 1.715
J0217-0820, 34.2610928833, -8.34787538056, 0.607
J0219+0120, 34.7792687917, 1.34996280556, 1.623
J0220+3241, 35.2002211, 32.6851289, 1.62
J0223-5347, 35.8786443083, -53.7944180972, 0.569
J0224+0659, 36.1184508333, 6.98981711111, 0.511
J0228-0337, 37.2217134375, -3.62697946111, 1.882
J0231-4746, 37.7991825083, -47.7698840917, 0.765
J0237+2848, 39.4683569916, 28.8024972444, 1.207
J0238+1636, 39.6622087833, 16.6164651694, 0.94
J0239+0416, 39.9635960417, 4.27261438889, 0.978
J0239-0234, 39.9394678167, -2.57803180833, 1.116
J0241-0815, 40.26999375, -8.25576438889, 0.005
J0242+1101, 40.621576, 11.016910, 3.0
J0243-0550, 40.801956175, -5.84869315, 1.802
J0246-4651, 41.500492, -46.854787, 1.0
J0253-5441, 43.3715849958, -54.6976210972, 0.538
J0257-1212, 44.4208525917, -12.200383925, 1.391
J0259+0747, 44.8628192708, 7.79434527778, 0.893
J0301+0118, 45.348362475, 1.30999896667, 1.221
J0303-2407, 45.8604285083, -24.1198409667, 0.26
J0303-6211, 45.9609639833, -62.1904305056, 1.351
J0304+3348, 46.1723435, 33.8120918056, -999
J0309+1029, 47.2650979084, 10.4878725222, 0.863
J0309-6058, 47.4837464708, -60.9775156472, 1.48
J0313+4120, 48.2581755583, 41.3336620111, 0.136
J0315-1656, 48.8653267375, -16.9415871778, 0.7
J0317-2803, 49.3904137875, -28.0551701944, 1.166
J0319+4130, 49.9506671667, 41.5116960278, 0.018
J0325+2224, 51.403393, 22.400102, 2.0
J0326-3243, 51.5626911374, -32.7236183417, 0.699
J0327-1803, 51.9305898417, -18.0616744417, -999
J0329-2357, 52.4753148042, -23.9524369778, 0.895
J0334-4008, 53.5568937083, -40.1403883056, 1.445
J0336+3218, 54.1254483792, 32.3081506361, 1.258
J0336-1302, 54.1459825417, -13.0346278056, 1.303
J0336-3616, 54.2250979875, -36.2683955583, 1.538
J0339-0146, 54.87890745, -1.77661224722, 0.852
J0340-0254, 55.1358153875, -2.91506417778, -999
J0340-2119, 55.1483661, -21.3253255722, 0.223
J0342-3007, 55.6680951624, -30.132847325, -999
J0343-2530, 55.8313496791, -25.5048350722, 1.419
J0348-2749, 57.1589357208, -27.8204349111, 0.988
J0349-2102, 57.490944, -21.046595, 3.0
J0349-4858, 57.3039316667, -48.9735847222, -999
J0350-3232, 57.6804838875, -32.5498417167, 0.927
J0359-2615, 59.8903412292, -26.2587035028, 1.47
J0401+0413, 60.332971, 4.226224, 0.306
J0403+2600, 60.7732753, 26.0004174, 2.109
J0403-2444, 60.9239001876, -24.7356828556, 0.598
J0403-3605, 60.9739579168, -36.0838647556, 1.42284
J0406-3826, 61.7459805917, -38.4411228472, 0.875
J0407+0742, 61.8711946625, 7.70207572222, 1.133
J0407-1211, 61.95179575, -12.1935165111, 0.478
J0409+1217, 62.341703, 12.2944021, 0.504
J0411-5149, 62.9047916667, -51.8231528695, 1.257
J0412+1856, 63.1914341, 18.9436324, -999
J0416-1851, 64.152269, -18.852317, 1.536
J0416-2056, 64.018166, -20.940977, 0.808
J0418+3801, 64.58865515, 38.026611175, 0.048
J0422-0643, 65.5449810249, -6.72925835834, 0.242
J0423-0120, 65.8158363501, -1.34251820278, 0.916
J0424+0036, 66.1951752626, 0.601758177779, 0.31
J0425-5331, 66.2678051416, -53.5328498472, 0.39
J0426+2327, 66.7322283, 23.4610094, 0.55
J0427+0457, 66.9482105, 4.9523127, 0.517
J0428-6438, 67.0453343916, -64.63982245, -999
J0429+2724, 67.4706699167, 27.4105211944, -999
J0431+1731, 67.9890801584, 17.5266043028, 0.143
J0431+2037, 67.7656723958, 20.6261846917, 0.219
J0433+0521, 68.2962314, 5.35433870278, 0.033
J0433+2905, 68.4076244, 29.0987436, 0.97
J0435+2532, 68.8940956709, 25.5499163361, 0.602881
J0437-7148, 69.26824, -71.8056, 0.6
J0438+2153, 69.7328539958, 21.8861964306, -999
J0438+3004, 69.5206179667, 30.07931055, 1.454
J0438-1251, 69.6459208708, -12.85093305, 1.277
J0439+3045, 69.8240604166, 30.7520979, -999
J0439-4522, 69.7535608333, -45.3729341389, 2.017
J0440+1437, 70.0880804, 14.6324866, -999
J0440+2728, 70.1155812083, 27.477967, 0.8
J0440-4333, 70.0715832209, -43.5523900333, 2.728
J0440-6952, 70.1989892292, -69.8716908639, -999
J0441-3300, 70.3959635209, -33.00232665, 0.6
J0441-5154, 70.4928222834, -51.9150470167, -999
J0442-0017, 70.6610863791, -0.295394575, 0.844
J0449+1121, 72.2819629417, 11.35794345, 1.207
J0450-8101, 72.5226674375, -81.0172864667, 0.444
J0451-4653, 72.9722720708, -46.8888578806, 0.602
J0453-2807, 73.3110282959, -28.1270351445, 2.544
J0455-4615, 73.9615521542, -46.2662999417, 0.855
J0457-2324, 74.2632467917, -23.41445, 0.878
J0501-0159, 75.3033745, -1.98729338889, 2.178
J0502+0609, 75.5643581, 6.1520817, 1.106
J0502+3436, 75.6247751833, 34.6096017, -999
J0504-1512, 76.1199879791, -15.2074579556, 0.7
J0505+0459, 76.3466030375, 4.99520125833, 0.954
J0506-6109, 76.6832864167, -61.1613871389, 1.093
J0509+1806, 77.428800, 18.108420, -999
J0510+1800, 77.5098708334, 18.0115505556, 0.416
J0510-3142, 77.6930871542, -31.7149807472, -999
J0511-6806, 77.873232625, -68.1048261111, -999
J0512+2927, 78.1758576958, 29.4510029361, -999
J0513-2159, 78.4546430084, -21.9878033417, 1.296
J0516-6207, 79.1871923834, -62.1181636611, 1.3
J0516-7237, 79.1571624125, -72.6187405361, -999
J0517-0520, 79.36712575, -5.34467847222, 1.485
J0518-6935, 79.6357777083, -69.5892667778, 0.02
J0519+2744, 79.8876134, 27.7345397, -999
J0519-4546, 79.9571798457, -45.7788481111, 0.035
J0521+1638, 80.2911915, 16.6394588056, 0.759
J0521+2112, 80.4415243, 21.2142921, 0.108
J0522-3627, 80.7416041667, -36.4585697222, 0.056
J0525-2338, 81.277108, -23.636335, 3.1
J0526-6749, 81.6470296667, -67.8190157722, -999
J0527-1002, 81.8502529249, -10.0492420695, -999
J0529-0519, 82.4730562875, -5.32822701945, 0.685
J0529-2515, 82.4877806667, -25.2663699444, -999
J0529-7245, 82.3751757125, -72.7579187083, 1.34
J0530+1331, 82.7350697875, 13.5319859778, 2.0
J0531-4827, 82.9942298459, -48.4599924306, -999
J0532+0732, 83.1624937083, 7.54537380556, 1.254
J0532-0307, 83.0313304292, -3.11862151111, 1.877
J0536-3401, 84.1184681709, -34.0198523, 0.682
J0538-4405, 84.7098416666, -44.0858163889, 0.894
J0539+1433, 84.9265249583, 14.5626560556, 2.69
J0540-5418, 85.191035, -54.306138, 1.0
J0541-0211, 85.3404011208, -2.18566292222, -999
J0541-0541, 85.4086807083, -5.69706347222, 0.839
J0542-0913, 85.7328229208, -9.22527947222, -999
J0547+1223, 86.7761513501, 12.3961791056, -999
J0547+2721, 86.8922871999, 27.3657896, -999
J0549-5246, 87.4325228333, -52.7738784444, 0.447
J0550+2326, 87.6974620833, 23.4467158056, -999
J0550-5732, 87.5399174666, -57.5401101139, 2.001
J0552+0313, 88.2087560917, 3.22423461944, -999
J0552+3754, 88.0747371667, 37.9070229, 0.815
J0552-4522, 88.0418344917, -45.37352115, -999
J0555+3948, 88.8783567375, 39.8136569389, 2.0
J0559-1817, 89.9433480541, -18.2965473778, -999
J0559-4529, 89.7981015458, -45.4945297861, 0.687
J0600-3937, 90.130906, -39.617277, 1.661
J0601-7036, 90.29686625, -70.6024425, 2.409
J0603+1742, 90.7880427917, 17.7046696111, 1.738
J0603+2159, 90.9648209001, 21.9938052, -999
J0604-4225, 91.1048943416, -42.42502605, 0.611
J0607-0834, 91.9987467917, -8.58054947222, 0.872
J0607-6031, 91.9795277583, -60.5311088722, 1.1
J0608-2220, 92.2486951667, -22.3391546111, 1.926
J0608-5456, 92.204414425, -54.9452453, 2.2
J0609-1542, 92.4206230833, -15.7112979611, 0.323
J0613+1708, 93.4015003, 17.1402626, -999
J0613+2604, 93.4589131917, 26.0768666472, 0.58
J0614-2536, 93.5717118126, -25.61486785, 2.15
J0625+1440, 96.441342325, 14.6721529056, -999
J0629-1959, 97.3490077792, -19.9888120889, 1.724
J0631+2020, 97.7544273, 20.3497807, -999
J0634-2335, 98.745837, -23.586655, -999
J0635-7516, 98.9437833333, -75.2713375, 0.527
J0641-0320, 100.463053925, -3.34682857778, -999
J0642+3509, 100.7422483, 35.1551051, 0.269
J0643+0857, 100.860187571, 8.96055893056, 0.882
J0644+3914, 101.22379, 39.2465372, 1.266
J0648-1744, 102.118744067, -17.73484465, 1.232
J0648-3044, 102.058735254, -30.7387943583, 0.804
J0653-0625, 103.252489804, -6.42575006667, -999
J0654-1053, 103.544330654, -10.8936025083, -999
J0656-0323, 104.046335763, -3.38521740278, 0.634
J0658-5840, 104.557411792, -58.6743242222, 0.421
J0700+1709, 105.006356417, 17.1560281389, 0.7
J0700-6610, 105.130224217, -66.1792305389, 0.483
J0701-4634, 105.393944017, -46.5768404917, 0.822
J0702-1015, 105.648986775, -10.2517824639, -999
J0702-1951, 105.678752779, -19.8561209556, -999
J0703-0051, 105.829527567, -0.850877258333, -999
J0710-3850, 107.681818004, -38.8436219444, -999
J0718-4319, 109.68178, -43.33048, -999
J0724-0715, 111.072052638, -7.25565379722, 0.28
J0725-0054, 111.460999817, -0.915706733333, 0.127
J0725-2640, 111.351721458, -26.6757443139, -999
J0729-3639, 112.272549, -36.662564, -999
J0730-1141, 112.579635304, -11.6868334833, 1.591
J0741+3112, 115.294597, 31.200064, 0.631
J0743-3803, 115.93675215, -38.0656673445, -999
J0743-5619, 115.835350612, -56.3258226806, 2.319
J0745+1011, 116.387748008, 10.186858975, 2.624
J0746+2734, 116.668467962, 27.5830686556, 2.163
J0746-1555, 116.575983, -15.926319, -999
J0747-3310, 116.832013575, -33.1797144333, -999
J0748+2400, 117.150455325, 24.0066972306, 0.409
J0750+1231, 117.716857208, 12.5180078611, 0.889
J0757+0956, 119.277678967, 9.94301452222, 0.266
J0808+0514, 122.1618658, 5.2444281, 0.361
J0808-0751, 122.0647335, -7.85274619444, 1.837
J0811-4929, 122.786680475, -49.4954190445, -999
J0815+3635, 123.8581036, 36.5875414, 1.028
J0816-2421, 124.168384938, -24.3518252944, -999
J0823+2223, 125.85316, 22.38425, 0.951
J0824+3916, 126.2311827, 39.2783067, 1.216
J0825+0309, 126.459743125, 3.15681113889, 0.506
J0825+2704, 126.4474725, 27.0727842, 0.692981
J0826-2230, 126.506553863, -22.5075563444, 0.91
J0828-3731, 127.019917608, -37.5184115056, -999
J0830+2410, 127.717025804, 24.1832834278, 0.94
J0831+0429, 127.953653992, 4.494190525, 0.174
J0836+2728, 129.0953694, 27.4812593, 0.762
J0836-2016, 129.163397, -20.283196, 3.0
J0837+2454, 129.4176904, 24.9064227, 1.125
J0839+0104, 129.9567125, 1.0740935, 1.123
J0840+1312, 130.198285117, 13.2065454889, 0.681
J0842+1835, 130.5212257, 18.5947196, 1.272
J0842-6053, 130.610668792, -60.8973344722, -999
J0845+0439, 131.3214321, 4.663154, 0.467
J0845-5458, 131.260342571, -54.9690402694, -999
J0846-2607, 131.735903275, -26.130739075, -999
J0849-3541, 132.440097867, -35.6836886639, -999
J0851-5228, 132.982701667, -52.4702172917, -999
J0852+2833, 133.021539875, 28.5665918194, 1.0
J0853+0654, 133.4507917, 6.9131212, 0.223
J0854+2006, 133.703645833, 20.1085113889, 0.306
J0901-0037, 135.357667875, -0.617532388889, 1.908
J0904-5735, 136.221580012, -57.5849395611, 0.695
J0908+1609, 137.2330223, 16.1652122, 0.652
J0909+0121, 137.292048329, 1.35989383889, 1.024
J0909-1248, 137.375250704, -12.8040319556, -999
J0914+0245, 138.65797265, 2.76645736389, 0.427
J0916+3854, 139.2037691, 38.9078184, 1.266
J0918-0628, 139.666471383, -6.47472283611, -999
J0919-5340, 139.933496362, -53.6684573084, 0.6
J0922-0529, 140.598636908, -5.48532866944, 0.974
J0922-3959, 140.693409417, -39.9930745278, 0.591
J0927+3902, 141.762558075, 39.0391255111, 0.696
J0927-2034, 141.965934654, -20.5808979083, 0.348
J0929-3801, 142.489616404, -38.0300475889, -999
J0930+0034, 142.7177231, 0.5830392, 1.769
J0931+1414, 142.7722602, 14.2379219, 1.1
J0933-1139, 143.393556042, -11.65707655, -999
J0940+2603, 145.0613449, 26.0583184, 0.726291
J0940-6107, 145.197329517, -61.1245499111, -999
J0941-1335, 145.260623, -13.597496, 0.551
J0942-0759, 145.589422358, -7.99811228611, -999
J0943-0819, 145.903935, -8.325226, 0.228
J0946+1017, 146.6461247, 10.2850372, 1.006
J0948+0022, 147.2388337, 0.3737665, 0.585
J0954+1743, 148.7367651, 17.7253395, 1.475
J0956+2515, 149.207814079, 25.2544582889, 0.707
J0957-1350, 149.325762842, -13.8336602611, 1.0
J1000+0005, 150.07363745, 0.0899160166666, 0.905
J1001+2911, 150.2925235, 29.1937601, 0.558
J1002+1216, 150.7201883, 12.270719, 0.861
J1006-5018, 151.558372133, -50.3037418528, -999
J1007+1356, 151.9229087, 13.9415558, 2.592
J1007-0207, 151.768124588, -2.119699575, 1.215
J1008+0029, 152.047653304, 0.499987816667, 0.0979
J1008+0621, 152.003400654, 6.35589334444, 1.72
J1010-0200, 152.715277837, -2.00543739722, 0.889
J1011-0423, 152.875999625, -4.39102983333, 1.588
J1012+0630, 153.05562, 6.51589, 0.727
J1012+2312, 153.068290583, 23.2040583333, 0.748
J1014+2301, 153.6961061, 23.0212697, 0.566
J1018-3123, 154.619806233, -31.3982915667, 0.794
J1019-2708, 154.785345754, -27.14879615, -999
J1019-6047, 154.972927025, -60.7967608472, -999
J1024+1912, 156.1867067, 19.205671, 0.828
J1024-3234, 156.001766, 32.571127, 2.0
J1025+1253, 156.4845224, 12.8969506, 0.663
J1028-0236, 157.141842954, -2.61659094167, 0.476
J1032-5917, 158.177186317, -59.2991671972, -999
J1036-3744, 159.222664983, -37.7375182944, 1.821
J1037-2934, 159.317, -29.5674480556, 0.312
J1038+0512, 159.694916162, 5.20807958333, 0.473
J1038-2151, 159.674291262, -21.8519731389, 0.585
J1038-4325, 159.561235562, -43.4294127583, 1.356
J1038-5311, 159.669404937, -53.1953528028, -999
J1039-1541, 159.777937929, -15.6851922833, 0.525
J1041+0610, 160.321510408, 6.17136770556, 0.458
J1041-6431, 160.321855167, -64.5172330195, -999
J1042-4143, 160.684998492, -41.723818975, 0.431
J1044+0655, 161.232963504, 6.92729513889, 0.69
J1045+1735, 161.3098324, 17.5966899, 0.921
J1047-6217, 161.928967912, -62.2873982361, -999
J1048+0055, 162.032269, 0.9287452, 0.642
J1048-1909, 162.027585854, -19.1599241028, 0.595
J1049-6003, 162.394003, -60.054912, -999
J1051+2027, 162.755726087, 20.45554725, 1.0
J1051-3138, 162.769906454, -31.6373076889, 1.0
J1058+0133, 164.623355033, 1.56633990833, 0.888
J1058-8003, 164.6804573, -80.0650443833, 0.581
J1059-1134, 164.801776762, -11.5729943639, -999
J1101-6056, 165.493720717, -60.9473026139, -999
J1101-6325, 165.47657645, -63.4229432167, -999
J1102+2757, 165.5595352, 27.9524138, 2.0
J1102-4404, 165.520150633, -44.0730111639, 0.763
J1103+1158, 165.7647077, 11.9712845, 0.912
J1103+3014, 165.8054246, 30.245195, 0.384
J1103-3251, 165.8813601, -32.8546371, 0.356
J1104-2431, 166.192401867, -24.5238334639, 1.666
J1107-3043, 166.933932683, -30.72640195, 0.74
J1107-4449, 166.786225542, -44.8187828889, 1.598
J1107-6820, 166.802896271, -68.3474242833, 0.588
J1108+0811, 167.156245, 8.18377333333, 1.123
J1112+3446, 168.1615381, 34.7775304, 1.954
J1112-5703, 168.030290208, -57.0610401667, 0.4
J1116+0829, 169.041555758, 8.48945353889, 0.486
J1118+1234, 169.738755983, 12.5782550056, 2.037
J1120-1243, 170.050335675, -12.7271745444, 1.3
J1122+1805, 170.6237979, 18.0906509, 1.04
J1124+2336, 171.0112745, 23.6127418056, 1.549
J1125+2005, 171.4947582, 20.0984271, 0.132345
J1126-3828, 171.683888842, -38.4789028806, -999
J1127-1857, 171.768301871, -18.9548449528, 1.049
J1130+0846, 172.649798, 8.7786409, 1.0
J1130+3031, 172.6767882, 30.5264966, 0.737
J1130-1449, 172.52938575, -14.8242745, 1.18906
J1131-0500, 172.877153138, -5.00546039167, 0.266
J1131-5818, 172.930367, -58.314845, -999
J1132-5606, 173.068392554, -56.1124255472, -999
J1133+0015, 173.2626251, 0.2636057, 1.0
J1133+0040, 173.3335658, 0.6813437, 1.633
J1135-0428, 173.992645712, -4.47441307778, 0.2731
J1136-0330, 174.102403879, -3.5081935, 1.648
J1136-6827, 174.008739117, -68.4516163778, -999
J1136-7415, 174.040249171, -74.2625762278, -999
J1139-1350, 174.794594146, -13.8454551556, 0.556
J1145+0455, 176.3388132, 4.9240802, 1.343
J1145-6954, 176.473433996, -69.9004993639, 0.244
J1146-2447, 176.5337638, -24.7924712389, 1.94
J1146-2859, 176.609119092, -28.9884735389, 0.45
J1147-0724, 176.964808458, -7.41142810833, 1.342
J1147-3812, 176.755711271, -38.2030620917, 1.048
J1147-6753, 176.889162537, -67.8949352889, 0.21
J1148+1840, 177.157402733, 18.6691577333, 1.0
J1150+2417, 177.5800507, 24.2982876, 0.2
J1150-0023, 177.682794788, -0.398390372222, 1.851
J1152-0841, 178.071706296, -8.68425385556, 2.37
J1155-5730, 178.849540092, -57.5133716778, -999
J1155-8101, 178.942083167, -81.021723, 1.395
J1157+1638, 179.3951511, 16.6499028, 1.061
J1159+2914, 179.882641292, 29.2455074722, 0.725
J1159-0940, 179.8029656, -9.68112458889, -999
J1159-2142, 179.839302263, -21.7124757695, 0.617
J1159-2228, 179.796947, -22.476917, 0.565
J1208-7809, -177.923520708, -78.163504, -999
J1209-2406, -177.739811958, -24.1057664945, 1.299
J1215+1654, -176.23342025, 16.9105435667, 1.132
J1215-1731, -176.055200996, -17.5292786167, 0.669
J1216-1033, -175.898322625, -10.5543385833, 0.636
J1217+3007, -175.5329918, 30.1168433, 0.13
J1218-0119, -175.354459062, -1.33176172778, 0.415
J1220+0203, -174.950480925, 2.06172923056, 0.24
J1220-5604, -174.8901863, -56.0784913861, -999
J1221+2813, -174.617958, 28.2329167, 0.102
J1222+0413, -174.406043242, 4.22104890556, 0.965
J1224+0330, -173.7815753, 3.5139703, 0.956
J1224+2122, -173.77309, 21.3795524111, 0.434
J1225+1253, -173.734402917, 12.8869830556, 0.003
J1227-4436, -173.138820592, -44.6106483167, 0.11
J1229+0203, -172.722083333, 2.05238833333, 0.061
J1229-6003, -172.637945875, -60.0602832222, -999
J1230+1223, -172.294070833, 12.3911233333, 0.004
J1230+2518, -172.441294383, 25.3019822944, 0.135
J1232-0224, -171.999933292, -2.40133196111, 1.043
J1238+0723, -170.489809842, 7.38939388889, 1.172
J1239+0730, -170.147548583, 7.50477480556, 0.4
J1239-1023, -170.070577204, -10.3913035222, 0.751
J1241+1649, -169.51287, 16.81987, 0.385
J1242+0941, -169.340476175, 9.68442166111, 1.329
J1243+1622, -169.009794971, 16.381498025, 0.555
J1245-1616, -168.52607385, -16.279362525, 0.2
J1246-0730, -168.482366233, -7.51293741667, 1.286
J1246-2547, -168.304991521, -25.7970247028, 0.634
J1248-0632, -167.904268221, -6.53606063056, 0.762
J1248-4559, -167.881270208, -45.9964388611, 1.02
J1252-6737, -166.819952025, -67.6274297972, -999
J1254+1141, -166.3406016, 11.6849709, 0.872
J1254-4424, -166.2603625, -44.4157230417, 0.041
J1254-6111, -166.3059305, -61.1930470556, -999
J1256-0547, -165.953470833, -5.7893125, 0.536
J1257-3155, -165.503913225, -31.9213476861, 1.924
J1258-1800, -165.34040955, -18.0008679111, 1.956
J1258-2219, -165.273005083, -22.3253126111, 1.304
J1259-2310, -165.214741537, -23.1774039694, 0.923
J1303+2433, -164.23659535, 24.5654805417, 0.993
J1303-5540, -164.0449334, -55.675446975, -999
J1305-1033, -163.612437329, -10.5553967028, 0.2784
J1305-2850, -163.714714508, -28.8450081194, -999
J1305-3655, 196.303125, -36.929259, -999
J1307-5019, -163.153426183, -50.3220795583, -999
J1308-0950, 197.163156, -9.842338, 0.4668
J1308-6707, -162.927600917, -67.1181204444, -999
J1309+1154, 197.391385, 11.906820, 0.3183
J1310+3220, -162.380567292, 32.34549525, 0.997
J1312-0424, -161.787911392, -4.41385882222, 0.825
J1312-7724, -161.838527292, -77.4037006389, 1.0
J1315-5334, -161.232577467, -53.5766331806, -999
J1316-3338, -160.966725254, -33.6497701695, 1.21
J1319-0049, -160.088474346, -0.827761125, 0.886
J1319-1217, -160.199699742, -12.2922578583, 0.864
J1321-2636, -159.691512833, -26.6029073889, 2.027
J1321-4342, -159.696480292, -43.704678525, 0.011
J1322-6532, -159.275463671, -65.5388588111, -999
J1325-4301, -158.634937083, -43.0191126944, 0.002
J1326-5256, -158.294878687, -52.939898125, -999
J1327+2210, -158.246411208, 22.1806007889, 1.4
J1329+3154, -157.529729563, 31.9030707, 2.062
J1329-5608, -157.745229542, -56.1340738333, -999
J1330+2509, -157.342957208, 25.1530215278, 1.055
J1330-3122, -157.420483117, -31.3830932528, 1.326
J1331+3030, -157.215466346, 30.5091553444, 0.693
J1332+0200, -156.7780394, 2.01269421389, 0.216
J1332-0509, -156.981397192, -5.16202928333, 2.15
J1333+2725, -156.718788683, 27.4217730194, 2.126
J1333-2356, -156.587808167, -23.9404389444, 0.756
J1335-0511, -156.014680167, -5.19490521667, -999
J1336-0829, -155.96558405, -8.49772183889, 0.02281
J1336-3357, -155.837364275, -33.9658538084, 0.012
J1337-1257, -155.584238425, -12.956859275, 0.539
J1337-6509, -155.531477708, -65.1569160556, -999
J1339-2620, -155.167121875, -26.3418044167, 1.51
J1342+2709, -154.465097158, 27.1585047917, 1.19
J1342-2051, -154.480251946, -20.858205925, 1.582
J1342-2900, -154.436059938, -29.0116199417, 1.442
J1342-3240, -154.474158429, -32.6798998444, 0.791
J1347+1217, -153.110993279, 12.2900667889, 0.121
J1349-3056, -152.665006108, -30.9400545111, -999
J1351-2912, -152.054838479, -29.2049028361, 1.034
J1352-4412, -151.764437763, -44.2112187694, 0.05
J1353+1435, -151.6548346, 14.5942389, 0.807
J1354-1041, -151.306172146, -10.6840711806, 0.332
J1357-1527, -150.703145929, -15.4579963639, 1.031
J1357+1919, -150.73151393, 19.31871455, 0.719668
J1359+0159, -150.136877817, 1.99848973334, 1.327
J1400-1858, -149.983891696, -18.9697461333, 0.114
J1404-0013, -148.949483458, -0.223636388889, 1.221
J1405+0415, -148.745334104, 4.25994967222, 3.209
J1406-0848, -148.4970756, -8.80191126668, 1.763
J1408-0752, -147.764661654, -7.87407404167, 1.494
J1408-2900, -147.793276142, -29.0065578861, 0.575
J1408-5712, -147.89118525, -57.2148681111, -999
J1409-2657, -147.540959221, -26.9602723472, 2.43
J1410+0203, -147.480600142, 2.05192017222, 1.115
J1411+2134, 212.978593, 21.573177, 7e-06
J1415+1320, -146.004927042, 13.3399202389, 0.247
J1419+0628, -145.2159159, 6.4763343, 1.0
J1419+3821, -145.055776, 38.3634653, 1.831
J1419-0838, -145.156016354, -8.64226130278, -999
J1420-0642, -144.925176875, -6.70223642778, -999
J1421-1931, -144.596007933, -19.5219029389, 0.4
J1421-4820, -144.588972804, -48.3396656806, -999
J1424-4913, -143.865665275, -49.2304867333, 0.662
J1424-6807, -143.768510888, -68.1328040222, -999
J1426-0215, -143.268816146, -2.26230015278, -999
J1427+2348, -143.2483675, 23.8000104, 0.16
J1427-3305, -143.077661971, -33.0920849, 0.742
J1427-4206, -143.015426829, -42.1053993528, 1.522
J1430+1043, -142.459421742, 10.7241283278, 2.0
J1434+1952, -141.334194337, 19.86687105, 1.382
J1438-2204, -140.460544196, -22.0818745861, 1.187
J1438-3122, -140.455059696, -31.3745903694, 1.287
J1441-1523, -139.560761379, -15.3934072361, 2.64
J1445-1629, -138.527598767, -16.4837830917, -999
J1446+1721, -138.352723742, 17.3521058917, 1.024
J1448+0402, -137.790162129, 4.03885880278, 0.871
J1448-1620, -137.937274383, -16.3401524806, 2.414
J1449-0045, -137.680873958, -0.7553415, 0.3
J1450+0910, -137.370129454, 9.17443199722, 2.611
J1453+2648, -136.526664, 26.8092805, 0.479
J1454-3747, -136.385792683, -37.7925402222, 0.305
J1457-3539, -135.638701163, -35.6527698556, 1.424
J1458+0416, -135.252682454, 4.270505675, 0.391547
J1502-1508, -134.395760629, -15.1479223556, -999
J1504+1029, -133.895917571, 10.4942218139, 1.839
J1505+0326, -133.723011842, 3.44189237222, 0.409
J1507-1652, -133.230054325, -16.875074175, 0.876
J1510-0543, 227.723298, -5.718727, 1.185
J1510-0843, -132.272328846, -8.72258885278, 1.526
J1512+0203, -131.934409454, 2.05471648056, 0.219
J1512-0905, -131.789446125, -9.09995269444, 0.358
J1513-1012, -131.562944108, -10.2000735444, 1.513
J1514+0252, -131.3552729, 2.8801412, 0.822
J1514-4748, -131.3332309, -47.8082937639, 1.551
J1516+0015, -130.832420625, 0.250530222222, 0.052
J1516+1932, -130.763349292, 19.53694225, 1.07
J1517-2422, -130.575778617, -24.3720766944, 0.049
J1521+0420, -129.656068467, 4.34170456389, 0.052
J1522-2730, -129.3430167, -27.5029959833, 1.294
J1524-5903, -128.786987954, -59.0610328917, -999
J1531-5108, -127.067829887, -51.1499267083, -999
J1532+2344, -126.806895, 23.7347966667, 0.825154
J1532-1319, -126.810938637, -13.3194684972, -999
J1534+0131, -126.281443, 1.517835, 1.425
J1534-2243, -126.404994758, -22.7326748667, 0.4
J1534-3526, -126.272134954, -35.4398604833, 1.515
J1535-4730, -126.032328317, -47.5063828778, -999
J1536-3151, -125.772923958, -31.8542041944, -999
J1537+2300, -125.689579742, 23.0112531083, 0.463
J1540+1447, -124.793785342, 14.7960790639, 0.606
J1543-0757, -124.242970904, -7.95184422778, 0.172
J1546+0026, -123.460285579, 0.440170505556, 0.55
J1549+0237, -122.627346479, 2.6169898, 0.414
J1550+0527, -122.353045833, 5.45290222222, 1.422
J1550-8258, -122.253573888, -82.9685677111, -999
J1551-1755, -122.189173629, -17.9173130222, 1.32
J1553-2422, -121.618217458, -24.3683433278, 0.332
J1555+1111, -121.070649875, 11.1901016556, 0.36
J1555-4150, -121.174508621, -41.8421380833, -999
J1556-3302, -120.826807708, -33.0385323778, 0.066
J1557-0001, -120.535691788, -0.0306704972223, 1.77
J1559-2442, 239.922538, -24.710787, 2.813
J1600-5811, -119.948427067, -58.1841573889, -999
J1603-4904, -119.038814446, -49.0681958, 0.232
J1604-2223, -118.993867946, -22.3947192472, 0.141
J1604-4228, -118.801668833, -42.4692950833, -999
J1604-4441, -118.870746929, -44.6922147667, -999
J1606+1814, -118.433217517, 18.249949975, 0.037
J1607-3331, -118.1051569, -33.5191426056, -999
J1609-2205, 242.395553, -22.096279, -999
J1610-3958, -117.408837004, -39.9828689806, 0.518
J1613+3412, -116.578899, 34.213308, 1.0
J1614-3543, 243.640761, -35.724162, -999
J1617-1941, -115.637112217, -19.6922263556, 0.7
J1617-2537, -115.66428775, -25.6232378056, -999
J1617-5848, -115.67545375, -58.8021835, 1.422
J1617-7717, -115.54468165, -77.2884631917, 1.71
J1619+2247, -115.188230846, 22.7966252639, 1.987
J1619-1817, -115.180495292, -18.2893611111, -999
J1623+0741, -114.0072837, 7.6918196, 1.297
J1623-4501, 245.978293, -45.033197, -999
J1625-2527, -113.554618162, -25.4606463611, 0.786
J1626-2951, -113.47491315, -29.8574920084, 0.815
J1627-2426, -113.249974542, -24.4445740278, -999
J1629-1720, -112.680128712, -17.3452108306, -999
J1633-2557, -111.629622529, -25.9598555222, -999
J1634-2058, -111.373651125, -20.9738717222, -999
J1635+3808, -111.185445938, 38.134583475, 2.0
J1636-4102, -110.769268333, -41.0334764722, -999
J1641+2257, -109.64488515, 22.9511202333, 2.063
J1642+3948, -109.2549585, 39.8102760833, 0.592
J1647+2705, -108.110006812, 27.0995260194, 0.282
J1648+2224, -107.993601912, 22.4092077056, 0.823
J1650+0824, 252.656511, 8.414509, 2.0
J1650-5044, -107.430720425, -50.7467252472, -999
J1651+0129, -107.234740092, 1.48984956111, 0.4
J1652-0400, -106.964174317, -4.01002309722, -999
J1653+3107, -106.625372271, 31.1324645528, 1.0
J1653+3945, -106.532430496, 39.7601691417, 0.033
J1653-1551, -106.607473333, -15.8583022222, 0.0
J1656+1826, -105.857962142, 18.4406518278, 3.0
J1658+0741, -105.462452229, 7.69098345833, 0.621
J1658-0739, -105.316408375, -7.65491504445, 4.0
J1700-2610, -104.778524746, -26.1810348139, 0.519
J1703-6212, -104.097744896, -62.2111134556, 1.752
J1706-4600, -103.408123917, -46.0049511667, -999
J1708+0035, -102.8139688, 0.585976, 0.449
J1709-3525, -102.672223583, -35.4228336944, -999
J1711-3744, -102.164526804, -37.7377439306, -999
J1713-3418, -101.7085771, -34.3081740945, -999
J1717-3342, -100.599877592, -33.7024522111, -999
J1717-5155, -100.605450642, -51.9255348167, -999
J1718-1120, -100.437716387, -11.3458268333, -999
J1719+1745, -100.195631338, 17.7517881083, 0.137
J1720-3552, -99.909175, -35.8800355556, -999
J1728+0427, -97.8960303292, 4.45136496111, 0.293
J1728+1215, 262.029380, 12.260968, 0.586
J1730+0024, -97.3541689, 0.4107478, 1.335
J1733-1304, -96.7387258874, -13.0804300583, 0.902
J1733-3722, -96.686695517, -37.3756665417, -999
J1733-7935, -96.5804154958, -79.598810175, 0.876
J1740+2211, -94.9755713333, 22.1836037556, 1.406
J1742-1517, -94.4514047375, -15.2914331222, -999
J1743-0350, -94.0047661083, -3.83461575556, 1.054
J1743-1658, -94.2240903791, -16.9711020111, -999
J1743-3058, -94.17547175, -30.9718471389, -999
J1744-3116, -93.901757375, -31.2767477778, -999
J1744-5144, -93.8939364583, -51.7454851111, 0.63
J1745-0753, -93.6370627083, -7.884429875, -999
J1745-2900, -93.5831830416, -29.0078241945, -999
J1751+0939, -92.11325595, 9.65020234167, 0.322
J1751-1950, -92.0777344167, -19.8465289167, -999
J1752-2956, -91.8620502917, -29.9458110833, -999
J1753+2848, -91.573026492, 28.8013719167, 1.0
J1753-1843, 268.287869, -18.727367, -999
J1753-5015, -91.5894410041, -50.2540136834, -999
J1802-3940, -89.3221664249, -39.6688633834, 1.319
J1803-6507, -89.1520973, -65.1268781722, 1.198
J1804+0101, -88.9333975791, 1.02566849167, 1.522
J1809-4552, -87.5088677041, -45.8780594611, 0.07
J1812-0648, -86.7878253958, -6.80652099445, -999
J1812-2836, -86.8325322083, -28.6074846667, -999
J1816-3052, -85.9490014624, -30.8688908222, -999
J1819-6345, -85.1041557083, -63.7633903333, 0.064
J1820-1111, -84.9029686333, -11.1867398778, -999
J1820-2528, -84.7589638166, -25.4701622806, -999
J1822+1600, -84.458462621, 16.0041232111, -999
J1824+0119, -83.79940235, 1.32616723056, -999
J1825-0737, -83.5932934958, -7.62500398612, -999
J1825-1718, -83.5977820291, -17.3138468083, -999
J1825-5230, -83.6924591416, -52.5161892778, -999
J1826-2924, -83.4141704167, -29.4069313611, -999
J1826-3650, -83.4661244999, -36.8471111, 0.888
J1827-0405, -83.062331, -4.09571533333, -999
J1829-5813, -82.6983235039, -58.2319894167, 1.531
J1830+0619, -82.4752505458, 6.32109779167, 0.745
J1832-1035, -81.913181504, -10.586444825, -999
J1832-2039, -81.953972967, -20.6633898, 0.103
J1833-2103, -81.5836875, -21.0611336111, 2.102
J1834-0301, -81.4413555916, -3.02211871667, -999
J1834-5856, -81.3855272917, -58.9434089556, 0.16
J1835-1513, -81.2197271041, -15.2274898472, -999
J1837-3319, -80.6478810125, -33.3190996695, -999
J1837-7108, -80.630354292, -71.1454318583, 1.356
J1838+0404, -80.2965457333, 4.07351903889, -999
J1846-0651, -78.4737479124, -6.85770749723, -999
J1848+3219, -77.9079642666, 32.3173899417, 0.798
J1851+0035, -77.0553204369, 0.592323211111, -999
J1903-6749, -74.2448648334, -67.8266281667, 0.254
J1905+0952, -73.5837542167, 9.8690017, -999
J1907+0127, -73.200015979, 1.45248930833, -999
J1911-2006, -72.2097796042, -20.115308075, 1.119
J1912-0804, -71.9702965917, -8.07275085834, -999
J1914+1636, -71.439752225, 16.6108405528, -999
J1922+1530, -69.3554192291, 15.5027866028, -999
J1923-2104, -69.115875763, -21.0759258778, 0.874
J1924+1540, -68.8356008333, 15.6788725, -999
J1924-2914, -68.7872668333, -29.2417002778, 0.353
J1925+2106, -68.50164435, 21.1072672361, 0.0
J1928+0848, -67.8297687999, 8.81344800001, -999
J1930-6056, -67.4743329083, -60.9358844944, 3.254
J1933-6942, -66.6201672083, -69.7163651111, 1.481
J1935+2031, -66.2063628791, 20.5317095167, -999
J1937-3958, -65.6824276579, -39.9670981222, 0.965
J1938+0448, -65.372210175, 4.80322620833, -999
J1939-1525, -65.1389260833, -15.4286273056, 1.657
J1945-0153, -63.654913463, -1.88939746667, -999
J1945-5520, -63.6490472334, -55.3468997417, 0.015
J1951-0509, -62.0522147289, -5.16221165556, 1.083
J1952+2526, -61.7987751667, 25.4481901222, -999
J1953+3537, -61.6213512, 35.6331554, -999
J1955+1358, -61.2017859167, 13.9711781111, 0.743
J1957-3845, -60.5007529961, -38.7517655361, 0.63
J2000-1325, -59.824395383, -13.4259813694, 0.222
J2000-1748, -59.76212315, -17.816020175, 0.651
J2005-1822, -58.6779451834, -18.3675894889, 0.868
J2006-5011, 301.645007. -50.194295, -999
J2007+4029, 301.937270, 40.496834, 2.0
J2009-4849, -57.6442053333, -48.8315893333, 0.071
J2011-1546, -57.1845377916, -15.77784825, 1.18
J2015+3710, -56.1302926584, 37.1831988278, 0.859
J2019-5201, -55.2316913459, -52.0276284639, 1.717
J2023+3153, -54.170761071, 31.8839739167, -999
J2025+3343, -53.7048245125, 33.7167262444, 0.219
J2025-0735, -53.580581646, -7.59796911111, 1.388
J2027-4726, -53.0386545499, -47.4388140667, -999
J2031+1219, -52.020857221, 12.32815005, 1.0
J2035+1056, -51.1569445167, 10.9352189611, 0.601
J2039+2152, -50.1049658, 21.8693573, -999
J2040-5735, -49.995409125, -57.5860152556, -999
J2042-2255, -49.2739414209, -22.9333058889, 2.12
J2049-4020, -47.7082709417, -40.3419824139, -999
J2050+0407, -47.4739974829, 4.13024714167, -999
J2050+3619, -47.4904818, 36.3312506, -999
J2051+1743, -47.1017377581, 17.72691675, 0.195
J2052-5533, -46.9429782625, -55.5527899917, -999
J2056-3208, -45.895540683, -32.1466113556, -999
J2056-4714, -45.931834104, -47.2465632667, 1.489
J2056-5820, -45.8726453792, -58.335428275, 1.139
J2057-0719, -45.6623087083, -7.32767622778, 1.875
J2057-3734, -45.5766521833, -37.5674973722, 1.071
J2101+0341, -44.588191004, 3.69203355833, 1.013
J2101-2933, -44.7430833583, -29.5577322611, 1.492
J2105-4848, -43.7451745042, -48.8129232639, 1.041
J2106+2500, -43.3343408, 25.0159806, -999
J2109+3532, -42.6171719958, 35.5493326833, 0.202
J2109-4110, -42.6117142, -41.1723903889, 1.058
J2114+2832, -41.2569432, 28.5492212972, 2.345
J2121-6111, -39.7330242417, -61.1901734667, 1.0168
J2123+0535, -39.064510821, 5.58947028889, 2.0
J2124-4948, -38.8787034376, -49.8019086, -999
J2130-0927, -37.4204655625, -9.46039866111, 0.78
J2131-1207, -37.1030760329, -12.1179989194, 0.501
J2134-0153, -36.4570433541, -1.88812188611, 1.285
J2135-5006, -36.1660373167, -50.1143699917, 2.181
J2136+0041, -35.839223642, 0.698392427778, 1.936
J2138-2439, 324.654921, -24.665130, 0.819
J2139+1423, -35.244544708, 14.3933311722, 2.427
J2139-4235, -35.1492783708, -42.5890191056, 0.24
J2141-3729, -34.5314625, -37.4869419583, 0.423
J2141-6411, -34.556495242, -64.1873546833, -999
J2146-1525, -33.404252788, -15.4288571111, 0.698
J2147+0929, -33.2076543, 9.49629787223, 1.0
J2148+0657, -32.977255533, 6.96072339722, 0.791
J2151-2742, -32.1587287917, -27.7063914167, 1.485
J2151-3027, -32.0186500625, -30.4649161, 2.345
J2156-0037, -30.938508633, -0.617942913889, 0.495
J2157-6941, -30.7250809291, -69.6899126444, 0.028
J2158-1501, -30.4738254291, -15.0192577, 0.672
J2158-3013, -30.2830618958, -30.2255883778, 0.116
J2200+1030, -29.9669447416, 10.5021949722, 0.172
J2203+3145, 330.812400, 31.760630, 0.295
J2203-6130, -29.0015136875, -61.5061139611, -999
J2206-1835, -28.4565970917, -18.5940961778, 0.619
J2207-5346, -28.067777917, -53.7760610944, 1.206
J2208-6325, -27.803159925, -63.4298578361, 0.618
J2210+2013, -27.2847814416, 20.2233485556, 0.282
J2212+0152, 333.158219, 1.880883, 0.88
J2212+0646, -26.788169604, 6.76909475556, 1.12
J2213-2529, -26.7395917417, -25.4916890389, 1.833
J2214+0711, -26.4630767, 7.1951092, 0.95
J2216+3518, -25.9166254125, 35.3039389056, 0.51
J2217+2421, -25.746578412, 24.3627660806, 0.505
J2218+1520, -25.4545253875, 15.3432548583, 2.335
J2222+1213, -24.2792125, 12.2305024, 1.393
J2223-3137, -24.1598679583, -31.6172524167, -999
J2224-1126, -23.9668221792, -11.4391963306, 0.115
J2225-0457, -23.5530862671, -4.95038631667, 1.404
J2226+0052, -23.3060957417, 0.869814305556, 2.25
J2229-0832, -22.5829800001, -8.54845, 1.56
J2229-6910, -22.7492635458, -69.1750761556, -999
J2230-1325, -22.4362247874, -13.4285837611, 1.42
J2230-4416, -22.264820921, -44.27496975, 1.326
J2232+1143, -21.84827, 11.7307692, 1.037
J2235-4835, -21.1948475709, -48.5996651972, 0.506
J2236+2828, -20.9063715, 28.4826148, 0.795
J2236-1433, -20.857970187, -14.5561637917, 0.325
J2238+1242, -20.355813171, 12.7141061972, 0.426
J2239-5701, -20.1996836542, -57.0168998167, 0.569
J2241+0953, -19.5428445375, 9.89790135, 1.707
J2243-0609, -19.2134971458, -6.15071316389, 0.3
J2246-1206, -18.4240334583, -12.11424375, 0.631
J2247-3657, -18.2336777917, -36.9628621944, 2.252
J2248-3235, -17.8388094167, -32.5978300139, 2.268
J2253+1608, -16.509383575, 16.1482113528, 0.859
J2253+3236, -16.6979176, 32.6012018, 0.256
J2254+0054, -16.481641, 0.9058202, 0.658
J2257+0743, -15.677903658, 7.72008405833, 0.19
J2258-2758, -15.4751546667, -27.9725713056, 0.926
J2300+0337, -14.8296426, 3.6196775, 1.8
J2300+1655, -14.8208702, 16.9206643, 1.284
J2301-0158, -14.716756367, -1.96794049167, 0.778
J2303-1841, -14.2376000208, -18.690506225, 0.129
J2304+2331, -13.848181642, 23.5187808583, 1.0
J2306-0459, -13.43617875, -4.99674566667, 1.139
J2308+2008, -12.9515147, 20.1450542, 0.234
J2308-4557, -12.77984715, -45.9656086333, -999
J2309-3059, -12.6902857792, -30.9868289556, 1.38
J2315-5018, -11.0652900167, -50.3110288361, 0.808
J2316-4337, -10.9120840667, -43.6296988833, 1.847
J2320+0513, -9.81309750401, 5.23054238333, 0.623
J2323-0317, -9.11685935805, -3.28472883889, 1.41
J2324-3714, -8.97036737095, -37.2395709917, 0.37
J2326+0112, -8.39315100003, 1.2024145, 0.568
J2327+0940, -8.11008096251, 9.66929523889, 2.0
J2327+1524, -8.15847481305, 15.4103642667, 0.04597
J2328-4035, -7.91972980003, -40.5860684222, 1.972
J2329-4730, -7.67623185004, -47.5053096528, 1.30417
J2330-3724, -7.35085082106, -37.4105452917, 0.279
J2331-1556, -7.08894820833, -15.9491693889, 1.153
J2333-2343, 353.480158, -23.727961, 0.0477
J2334+0736, -6.44654931256, 7.60765326389, 0.401
J2335-0131, -6.16494969167, -1.51933094444, 1.184
J2336-4115, -5.85839546244, -41.2561066528, 1.406
J2336-5236, -5.94939757086, -52.606097225, 0.63
J2337-0230, -5.51108720002, -2.516008125, 1.072
J2343+2339, -4.19838737499, 23.66267995, 1.328
J2343-5626, -4.13709130831, -56.4400283917, 1.24
J2345-1555, -3.69807365838, -15.9188428361, 0.621
J2346+0930, -3.34650604995, 9.512643025, 0.673
J2348-1631, -2.989131125, -16.5200061667, 0.576
J2349+0534, -2.66228545414, 5.57774244167, 0.419
J2349-4932, -2.64425293336, -49.5407081361, 0.2
J2353-3037, -1.55225474168, -30.6301396861, 0.737
J2357-1125, -0.620010083333, -11.427549, 0.96
J2357-5311, -0.52805806697, -53.1871359583, 1.006
J2358+3922, -0.250603400003, 39.3745294, 1.198
J2358-1020, -0.454656649982, -10.3357253778, 1.638
J2359-3133, -0.102118554195, -31.5621734722, 0.99
