obj B3 B4 B5 B6 B7 B8 B9 B10
J1924+1540 4469.0 0 0 4254.500000000002 0 0 0 0
J2309-3059 514.0 272.2 0 393.5 0 0 0 0
J1617-2537 0 0 0 151.2 0 0 0 0
J1516+1932 1958.6 302.29999999999995 231.89999999999998 318.4 2011.7 2357.7000000000003 2887.7 0
J0228-0337 2751.3999999999996 0 0 3598.200000000001 0 0 0 0
J0409+1217 302.4 90.7 0 2849.0000000000014 0 0 0 0
J1038-4325 2055.3999999999996 0 0 0 0 0 0 0
J1242+0941 1724.1000000000001 0 0 0 0 0 0 0
J0455-4615 604.9000000000001 0 0 619.0 382.9 520.1 0 0
J0339-0146 7782.299999999999 0 302.4 3511.5 4820.0 0 0 0
J1215+1654 2684.4 151.2 0 7009.4 1058.3999999999999 0 0 0
J1419-0838 397.09999999999997 0 242.20000000000002 3991.5 0 0 0 0
J1254-4743 211.7 0 0 0 0 0 0 0
J0112+3522 0 0 0 1252.1000000000004 0 0 0 0
J1339-2401 0 0 0 5716.000000000004 0 0 0 0
J1626-2951 1698.9 1179.2 0 3234.8000000000006 19345.100000000002 0 2161.6 0
J1147-6753 1634.2999999999997 0 181.39999999999998 5939.500000000003 3011.6000000000004 1072.5 434.1 0
J1337-6509 3017.500000000002 60.5 0 4602.100000000003 883.1000000000005 0 0 0
J1400-1858 425.5 0 0 0 0 0 0 0
J2154+1727 211.69999999999996 0 0 0 0 0 0 0
J1024+1912 544.0999999999999 0 0 1515.3 0 0 0 0
J1707+0148 0 0 0 0 121.0 0 0 0
J1159-2142 483.79999999999995 0 0 0 0 0 0 0
J0518-6935 121.10000000000001 0 0 0 0 0 0 0
J1409-2657 121.0 0 0 0 0 0 0 0
J0013+4051 0 0 0 423.3 0 0 0 0
J0858-1950 77.3 0 0 0 0 0 0 0
J2101+0341 4160.400000000003 90.7 0 2176.7000000000003 2886.5000000000014 2903.0 0 0
J2246-1206 1152.8999999999999 288.0 0 503.2 1643.6999999999998 0 0 0
J0243-0550 1179.4999999999998 786.5999999999999 0 937.9000000000001 1300.7000000000007 0 0 0
J1248-4559 288.7 0 0 605.3 0 0 0 0
J0231+1322 120.9 0 0 0 151.2 0 0 0
J2130-0927 1031.8999999999999 0 0 0 0 0 0 0
J0739+0137 316.3 0 0 0 787.5999999999999 0 0 0
J2042-2255 0 0 90.8 363.0 0 0 0 0
J0049-5738 122.89999999999999 0 0 211.7 0 0 0 0
J1743-3058 181.4 0 0 0 1633.8 0 0 0
J1555+1111 302.20000000000005 1514.6000000000001 0 0 313.09999999999997 0 0 0
J1218-0119 1024.5 122.89999999999999 544.5 2915.9000000000005 1991.0 423.4 0 0
J1837-3319 76.6 0 0 998.1000000000008 0 0 0 0
J0224+0659 1702.2 393.7 0 3768.500000000001 6329.300000000001 2870.3999999999996 913.5999999999999 0
J0126+2559 385.5 0 0 0 0 0 0 0
J1449-0045 211.39999999999998 241.89999999999998 0 0 0 0 0 0
J1452-6502 0 0 0 0 5404.800000000004 0 0 0
J1907+0127 695.3999999999999 0 0 1088.7 0 0 0 0
J1125+2005 0 0 0 76.6 0 0 0 0
J1103+1158 483.79999999999995 0 0 3779.100000000001 1850.6 0 0 0
J2243-0609 0 0 0 1058.5 0 0 0 0
J1826-2924 409.3 0 0 4504.900000000003 3751.8 258.2 0 0
J1556-3302 453.59999999999997 0 0 0 0 0 0 0
J0927-2034 514.2 362.70000000000005 0 2195.2 0 0 0 0
J0412+1856 0 0 0 276.1 0 0 0 0
J2212+0646 120.9 0 0 183.8 0 0 0 0
J1432-1801 181.49999999999997 0 0 0 677.5 0 0 0
J2019-5201 665.2 76.5 0 0 0 0 0 0
J1512-0905 605.8 0 0 0 0 0 0 0
J1825-0737 0 0 0 359.0 0 0 0 0
J1116+0829 985.2000000000005 0 434.0 181.29999999999998 489.5999999999999 0 0 0
J1214-1921 634.8 0 0 0 0 0 0 0
J1837-7108 0 0 211.79999999999998 0 0 0 0 0
J2349+0534 0 0 0 0 504.2 0 0 0
J0845+0439 1191.4 1650.8000000000013 0 1300.3000000000002 0 0 0 0
J1438-2204 0 0 0 90.8 0 0 0 0
J2057-3734 0 0 0 435.3999999999999 0 0 0 0
J0853+0654 2027.7000000000016 167.29999999999998 0 332.29999999999995 635.1 0 0 0
J1740+2211 76.6 0 0 0 0 0 0 0
J2015+3710 0 0 0 1360.9000000000003 665.5000000000001 0 0 0
J2156-0037 530.5 576.9 0 2425.7 354.9 0 0 0
J1733-7935 228.00000000000003 0 0 0 0 0 0 0
J0253-5441 0 0 0 1451.7000000000003 1998.7000000000003 10827.1 0 0
J0427-0700 90.7 0 0 0 0 0 0 0
J0342-3007 34143.40000000001 4355.2 0 3809.7999999999993 7551.600000000004 0 0 0
J0748-1639 0 0 0 0 241.89999999999998 0 0 0
J1337-1257 36692.300000000025 6693.500000000002 3688.1000000000004 65416.60000000005 63503.50000000001 4496.500000000001 951.7 0
J1742-1517 0 0 0 453.6 1520.8 0 0 0
J0019+2021 774.1999999999999 544.4000000000001 0 1723.6 423.6 0 0 0
J2025+3343 4354.3 2165.2 0 5982.8 0 0 0 0
J0010+1724 181.4 0 0 244.0 211.7 0 0 0
J0137+3309 362.79999999999995 0 0 0 0 0 0 0
J1803-6507 120.9 0 0 0 0 0 0 0
J1937+0734 0 0 0 4925.4 0 0 0 0
J1303-5540 181.29999999999998 0 0 211.7 1433.9999999999998 0 0 0
J0957-1350 262.0 0 0 0 0 0 0 0
J2333-2343 0 0 0 0 241.79999999999995 0 0 0
J1121-0553 0 0 766.0 60.5 0 766.0 0 0
J1535-4730 0 0 0 423.4 0 0 0 0
J1923-2104 0 0 0 363.0 0 0 0 0
J0830+2410 60.5 0 0 211.59999999999997 1771.4 0 0 0
J0103+1526 0 0 0 798.1999999999998 0 0 0 0
J0552+3754 634.9 0 0 0 290.69999999999993 0 0 0
J1804+0101 199.50000000000003 0 0 0 0 0 0 0
J0439-4522 121.1 60.4 0 167.1 5852.000000000004 0 0 0
J2247-3657 181.6 0 0 756.0 0 0 0 0
J2139-4235 0 0 0 272.2 0 0 0 0
J2207-5346 184.2 560.7 933.0999999999999 620.7 729.6999999999999 679.3999999999999 0 0
J0336-3616 756.3000000000001 0 0 0 0 0 0 0
J2121-6111 60.5 544.3 0 0 0 0 0 0
J1829-5813 0 0 0 2423.5 0 1233.9 0 0
J0536-3401 1451.0 90.7 0 1800.3000000000004 338.9 0 0 0
J0303-2407 967.8 0 0 363.0 0 0 0 0
J0050-0452 302.4 0 0 1178.7 709.4 0 0 0
J0604+2429 2087.2 0 0 0 0 0 0 0
J1745-2900 0 0 0 937.4000000000001 1187.7 0 0 0
J1316-3338 4484.499999999999 0 0 12717.199999999999 5061.400000000001 1608.3 0 0
J0108+0135 4300.099999999999 1542.6999999999998 201.9 3628.3999999999996 12208.700000000003 434.0 0 0
J1457-3539 653.2000000000003 1190.9000000000003 520.5 975.9000000000001 0 0 0 0
J1257-3155 592.4000000000001 0 0 211.6 0 0 0 0
J0644+3914 181.7 0 0 0 0 0 0 0
J0424+0036 199.70000000000002 0 0 0 0 0 0 0
J1256-0547 51851.000000000015 9081.4 8008.200000000001 88939.2 88609.99999999999 46806.0 14274.100000000002 318.59999999999997
J1711-3744 0 0 0 2400.9000000000015 0 0 0 0
J0505+0459 0 0 0 121.0 0 306.29999999999995 0 0
J2004-6347 0 60.6 0 181.4 0 0 0 0
J2206-1835 1693.7000000000003 0 0 1255.1999999999998 2933.1999999999994 0 0 0
J1730+0024 530.2 151.1 725.8 641.2 362.9 0 0 0
J0215-0222 2074.3999999999996 0 0 3224.100000000001 1500.7999999999997 0 0 0
J1642+3948 0 0 0 786.2 0 0 0 0
J2304+2331 0 423.9000000000001 0 0 0 0 0 0
J1912-0804 362.9 0 0 5898.000000000002 0 0 0 0
J0737-1534 1378.500000000001 0 0 0 0 0 0 0
J1635+3808 120.9 0 0 306.8 0 0 0 0
J2303-1841 90.6 0 0 1747.7000000000003 0 0 0 0
J0541-0211 7516.400000000006 1367.1000000000001 0 5406.799999999999 7909.500000000003 0 0 0
J2335-0131 877.1 271.9 0 2781.7999999999997 0 0 0 0
J0437-7148 1348.8 0 0 423.4 0 0 0 0
J1728+0427 0 0 0 211.6 0 302.3 1298.1 0
J1510-0843 0 227.79999999999998 0 197.49999999999997 197.6 0 0 0
J0909+0121 8986.899999999998 469.6 1237.8 4089.3000000000015 8951.5 2593.0000000000005 350.7 0
J1016+0513 2643.2000000000016 0 0 60.4 0 0 0 0
J1130+0846 0 0 0 1149.200000000001 0 0 0 0
J0004+2019 907.1999999999999 0 0 211.70000000000002 0 0 0 0
J1157+1638 76.7 423.70000000000005 0 2826.3999999999996 308.4 0 0 0
J0016-0015 453.5 0 0 0 0 0 0 0
J2057-0719 6174.400000000005 288.0 0 121.0 362.9 0 0 0
J2126-4605 0 0 0 0 338.5999999999999 0 0 0
J2326+0112 574.5 0 0 0 0 0 0 0
J2327+1524 60.6 0 320.59999999999997 1644.5000000000005 584.8 0 0 0
J1245-1616 566.4 0 0 272.2 3841.6999999999994 0 0 0
J0141-0928 2085.0 423.4 231.89999999999998 1241.6999999999998 1765.6 5741.000000000002 0 0
J1136-0330 241.9 0 0 0 0 0 0 0
J0317-2803 2788.9999999999995 0 0 320.5 0 0 0 0
J0407-1211 1712.3999999999999 1209.5 123.00000000000001 151.1 0 229.7 0 0
J1132-5606 526.3000000000001 0 151.0 2467.7000000000016 2733.9000000000015 0 0 0
J0113+0222 167.29999999999998 0 0 453.59999999999997 0 215.2 0 0
J1359+0159 1990.5000000000002 332.7 0 1739.9000000000003 804.5000000000001 0 0 0
J2239-5701 1527.9999999999998 0 0 241.79999999999998 737.5 0 0 0
J1820-1111 0 0 0 90.7 0 0 0 0
J0842+1835 1028.4 0 0 0 0 0 0 0
J1928+0848 0 0 0 161.0 0 0 0 0
J2253+3236 635.5 0 0 0 0 0 0 0
J0641-0320 905.2 352.6 0 919.6 229.49999999999997 0 0 0
J0837+2454 741.6999999999999 227.7 0 0 0 0 0 0
J0348-2749 5928.899999999999 10530.9 1841.2999999999997 42376.39999999997 29832.800000000003 2653.2 229.7 0
J1745-0753 332.8 0 0 0 0 0 0 0
J2134-0153 5260.8 1681.8999999999999 846.6 4191.9 1415.9 0 846.6 0
J0153-3310 0 0 0 122.89999999999999 0 0 0 0
J1405+0415 0 151.2 0 90.7 0 0 0 0
J0058-5659 907.3 0 0 0 153.2 0 0 0
J1407-4302 0 0 0 786.3 889.4000000000007 0 0 0
J1648+2224 181.39999999999998 453.4 0 120.9 167.29999999999998 0 0 0
J0942-0759 0 0 0 544.5 720.6 0 0 0
J0511-6806 1906.9 0 0 241.69999999999996 0 0 0 0
J0051-0650 0 0 0 394.2 324.6000000000001 0 0 0
J1640-3727 0 0 0 1034.000000000001 0 0 0 0
J1834-5856 0 0 0 0 153.10000000000002 0 0 0
J1336-0829 0 0 0 846.5 2478.2 0 0 0
J1018-3123 0 0 0 307.3 120.9 0 0 0
J0840+1312 844.1999999999999 0 0 620.8 0 0 0 0
J1047-6217 4164.4 0 0 12647.600000000004 913.2 5978.6 0 0
J1657-2004 0 0 0 2450.8999999999996 0 0 0 0
J0625+1440 0 123.10000000000001 0 0 253.89999999999992 0 0 0
J0112+2244 0 0 0 121.2 0 0 0 0
J1415+1320 392.90000000000003 181.6 201.9 332.59999999999997 1483.4 0 0 0
J0112-6634 671.7 0 0 211.8 2521.6000000000004 0 0 0
J1631-4345 363.20000000000005 0 0 0 0 0 0 0
J2146-7755 0 0 0 453.6 0 0 0 0
J1755-5536 60.4 0 0 0 0 0 0 0
J0748+2400 1699.0000000000005 90.8 633.4 1718.100000000001 386.7 0 0 0
J2255-0844 181.5 0 0 0 0 0 0 0
J1813+2952 0 0 0 60.5 0 0 0 0
J0137-2430 3162.0999999999995 0 0 409.1 818.5 1888.6999999999998 0 0
J0525-2338 0 0 0 90.8 0 0 0 0
J0139+1753 0 455.8 0 1480.3999999999996 0 0 0 0
J2358+1955 362.9 0 0 0 0 0 0 0
J0040-4253 60.5 0 0 0 0 0 0 0
J0431+1731 2668.8 106.9 0 7635.300000000005 2129.3 0 0 0
J2321+2732 0 0 0 60.4 0 0 0 0
J1647+2705 543.8000000000002 0 0 76.6 0 0 0 0
J0702-1015 0 0 0 1299.8999999999999 0 0 0 0
J2052-5533 651.1999999999999 0 0 0 0 0 0 0
J0842-6053 1569.4999999999998 0 0 0 666.0 0 0 0
J2253+1608 32988.400000000016 8896.3 1702.8 49446.600000000035 50054.899999999994 34706.3 6540.1 485.99999999999994
J1623+0741 241.8 0 0 0 0 0 0 0
J1633-2557 5273.300000000004 0 272.2 9959.900000000005 0 0 0 0
J0534-6106 151.2 0 0 0 0 0 0 0
J1421-4820 0 0 0 229.7 0 0 0 0
J0259+0747 1390.8 0 0 197.49999999999997 483.7 0 0 0
J2049-4020 484.0 0 0 0 0 0 0 0
J0411-5149 1028.3 121.0 0 0 0 0 0 0
J1353+1435 219.6 211.7 0 0 211.7 0 0 0
J2051+1743 720.4 0 0 3040.3000000000006 1078.1 0 0 0
J1933-6942 0 0 0 181.5 121.1 0 0 0
J1939-1525 363.0 0 0 453.6 249.20000000000002 0 0 0
J1826-3650 60.5 0 0 2042.9000000000008 153.20000000000002 0 0 0
J0818+0517 302.4 0 0 0 0 0 0 0
J1513-1012 60.5 0 0 0 0 0 0 0
J1728+1215 121.0 0 0 0 0 0 0 0
J1006+0509 0 0 0 121.1 0 0 0 0
J0045-3705 4133.3 90.6 0 2115.2999999999997 0 0 0 0
J1045+1735 60.5 0 0 413.4 121.0 0 0 0
J0343-2530 471.69999999999993 0 0 0 0 0 0 0
J1126-3828 595.0 0 0 2117.7 0 0 0 0
J0931+1414 0 0 0 151.3 0 0 0 0
J1835-1513 1034.1000000000008 0 0 0 0 0 0 0
J1512+0203 782.0 334.7 362.6 258.1 995.9 5266.400000000001 0 0
J1150+2417 2215.5 197.39999999999998 0 1975.9000000000003 726.2 0 0 0
J0057-7040 181.29999999999998 0 0 0 0 0 0 0
J1006-5018 0 0 0 403.09999999999997 211.89999999999998 0 0 0
J0440-6952 937.4 0 0 7923.099999999999 1461.0 0 0 0
J1039-1541 60.4 0 0 380.9 0 0 0 0
J2348-1631 60.5 0 0 3362.300000000001 12846.000000000004 0 0 0
J0121+0422 0 0 0 348.0 121.0 0 0 0
J1634-2058 0 729.3 0 1401.2000000000003 925.0999999999999 0 0 0
J2308-4557 0 0 0 181.4 0 0 0 0
J0216-1017 60.5 0 0 0 0 0 0 0
J1716+2152 0 0 0 0 313.40000000000003 0 0 0
J1504+1029 2442.7999999999997 2249.5 202.0 199.7 852.2 0 0 1048.3000000000002
J0110-0741 544.3 604.5 0 151.2 0 0 0 0
J1903-6749 0 0 0 544.5 0 0 0 0
J0747-3310 2133.5 0 0 1723.8 0 520.1 0 0
J0522-3627 77219.60000000002 13054.399999999996 3697.0 135862.59999999974 136269.79999999993 51933.700000000004 18137.8 0
J0746-1555 0 0 0 0 0 181.4 0 0
J1424-7241 0 0 0 123.10000000000001 0 0 0 0
J1000+0005 12744.600000000006 211.7 0 1379.2000000000007 0 0 0 0
J0040-3243 3780.3999999999996 4639.099999999999 1532.0 1628.3999999999999 245.89999999999998 0 0 0
J1947-0103 60.4 0 0 0 0 0 0 0
J0526-4830 0 0 0 695.4 1867.3000000000002 0 0 0
J2005-1822 181.4 0 0 574.4 0 0 0 0
J0710-3850 0 0 0 362.9 0 0 0 0
J1315-5334 2497.700000000001 0 0 302.3 0 0 0 0
J1150-0023 968.1999999999999 0 0 695.1999999999999 847.0999999999999 0 0 0
J2218-0335 0 0 0 0 278.2 362.70000000000005 0 0
J0010+1058 151.20000000000002 876.7 0 923.5000000000001 475.2 0 0 0
J1809-4552 0 0 0 122.9 0 0 0 0
J1028+0255 181.29999999999998 0 0 0 0 0 0 0
J0241-0815 4643.0999999999985 294.5 413.7 5557.4 12326.200000000003 16368.299999999997 0 0
J1044+0655 1447.3999999999999 0 0 2430.500000000001 0 0 0 0
J2357-1125 930.1 0 0 0 0 0 0 0
J1537+2300 937.2 453.70000000000005 0 483.59999999999997 0 0 0 0
J1155-8101 60.5 0 0 0 0 0 0 0
J0930+0034 846.9 0 0 151.4 169.5 1497.1 0 0
J0506-6109 2058.1000000000004 0 0 272.3 887.5000000000001 0 0 0
J1120-1243 352.79999999999995 0 0 272.09999999999997 0 0 0 0
J1824+0119 229.70000000000002 0 0 2147.3999999999996 0 0 0 0
J0151+2744 544.1999999999999 0 0 0 0 0 0 0
J1349-3056 1270.1 0 0 0 0 0 0 0
J1139-1350 1290.6 0 0 0 0 0 0 0
J0438-1251 1604.8000000000002 181.49999999999997 0 1271.9 0 0 0 0
J1426-0215 181.29999999999998 0 0 0 0 0 0 0
J1136-6827 0 0 0 60.5 76.6 0 0 0
J0132-1654 0 181.5 0 3938.2999999999997 1390.8999999999999 0 1693.7 0
J0049-4457 362.59999999999997 60.5 60.4 332.5 122.90000000000002 0 0 0
J1008+0621 3205.1 2419.3999999999996 90.7 5718.6 10898.9 0 0 0
J0442-0017 988.0 0 60.5 1165.6 378.90000000000003 0 0 0
J2337-0230 1922.8999999999999 120.89999999999999 0 242.0 1066.0 0 0 0
J0922-0529 0 0 2166.7 2197.0 0 0 0 0
J1604-4441 151.2 1056.1000000000008 0 3941.2999999999997 12155.099999999999 213.8 483.59999999999997 0
J1015+1227 302.4 0 0 0 0 0 0 0
J0149+0555 151.2 0 0 663.3 60.5 0 0 0
J1650-5044 12637.399999999996 272.29999999999995 0 8299.2 7324.9 0 0 0
J0011-1434 0 0 0 0 392.8 0 0 0
J0056+1625 241.79999999999998 0 0 669.4 0 0 0 0
J0030-4224 1027.9 302.6 0 544.3 213.5 0 0 0
J2316+1618 0 1215.500000000001 0 1034.5 0 0 0 0
J2157-6941 3265.7000000000003 0 0 0 547.7 0 0 0
J0547+1223 266.1 121.1 0 0 235.99999999999994 0 0 0
J1427-3305 840.3 0 0 0 0 0 0 0
J0313+4120 0 0 0 3448.100000000003 0 0 0 0
J1937-3958 151.3 0 0 653.5 0 0 0 0
J1822+1600 0 0 0 0 211.49999999999997 0 0 0
J0502+1338 127.00000000000001 126.89999999999999 0 350.69999999999993 0 0 0 0
J0110-6315 332.6 0 0 0 0 0 0 0
J1408-0752 0 0 0 1935.4999999999998 491.9 689.3000000000001 0 0
J2011-1546 0 60.4 0 304.4 0 0 0 0
J1051-3138 0 0 0 2691.6000000000017 0 0 0 0
J0104-2416 60.5 151.1 0 0 0 0 0 0
J1507-1652 272.3 0 1391.5000000000002 1753.6 241.7 0 0 0
J0914+0245 1693.3999999999999 544.3 0 635.1999999999999 2798.5 0 0 0
J1718-1120 0 0 0 707.5000000000005 0 0 0 0
J2018-0509 0 0 0 653.1 0 0 0 0
J1215+3448 0 0 0 1269.8000000000002 0 0 0 0
J0542-0913 9356.1 2020.3999999999999 0 7229.300000000001 5218.499999999999 0 5806.599999999999 0
J0845-5458 1271.3 0 0 3974.7000000000044 0 0 786.3 0
J0529-7245 28858.300000000003 0 0 7656.800000000002 11468.099999999999 0 0 0
J2000-1748 13445.099999999999 1202.7 4247.9 22389.500000000015 2432.5 0 0 0
J2024-3253 0 0 0 60.5 0 0 0 0
J0724-0715 0 0 0 272.1 0 0 0 0
J0750+1231 29950.500000000015 7583.7 1055.6999999999998 27535.40000000002 7520.899999999999 0 0 0
J1540+1447 336.1 151.2 0 3267.1000000000004 1126.8 1814.5 0 0
J0439+3045 213.7 0 0 3463.200000000003 0 0 0 0
J0552-4522 60.4 0 0 0 0 0 0 0
J1332+0200 2123.5000000000005 544.9 0 1911.2000000000003 1993.4999999999998 963.7 0 0
J0441-5154 453.4 392.90000000000003 558.4 483.99999999999994 0 0 0 0
J1825-1718 1315.8999999999999 0 0 2957.3000000000015 0 0 0 0
J2330-3724 0 0 0 759.7 0 0 0 0
J1505+0326 60.5 60.5 453.4 2019.7 603.0 0 0 0
J1336-3357 0 0 0 3861.8000000000006 0 0 0 0
J0245-4459 0 0 0 0 123.10000000000001 0 0 0
J0847-0703 362.79999999999995 0 0 0 0 0 0 0
J0909-1248 181.2 0 0 0 0 0 0 0
J1032-5917 616.5 126.79999999999998 0 2201.0 1249.6 0 0 0
J1347+1217 3973.6000000000004 605.1 1133.8999999999999 3304.999999999999 3324.600000000001 812.8000000000001 0 0
J2217+2421 0 0 0 0 215.6 0 0 0
J0401+0413 211.6 0 0 0 0 0 0 0
J0613+2604 0 0 0 322.2 1022.4000000000001 0 0 0
J1041-6431 0 0 0 0 636.8 0 0 0
J1305-2850 121.0 0 0 622.9 0 0 0 0
J0438+2153 181.29999999999998 0 0 0 0 0 0 0
J1220+0203 3295.4999999999995 242.0 151.3 3751.3999999999996 302.5 0 0 0
J0319+4130 0 0 309.5 1104.1999999999998 0 0 0 0
J1351-2912 3791.4999999999995 463.4 0 17448.899999999998 3991.7000000000025 0 0 0
J2343-5626 0 423.29999999999995 0 0 0 0 0 0
J1127-1857 5893.5 1330.1999999999998 0 1185.5 2677.7 0 0 0
J0125-0005 4488.400000000003 181.50000000000003 0 665.4 3480.7000000000003 0 0 0
J1028-0236 302.6 0 0 1291.0000000000002 5575.6 1975.5 0 0
J0106-2718 4666.300000000001 0 0 1102.2 381.0 181.4 0 0
J2031+1219 0 0 0 211.79999999999998 0 0 0 0
J2254+0054 0 0 0 151.2 246.10000000000002 0 0 0
J2056-5820 1512.2999999999997 0 0 936.8 241.79999999999998 0 0 0
J1038-2151 76.7 0 0 137.10000000000002 0 0 0 0
J1420-0642 439.5 0 0 137.0 0 0 0 0
J0521+1638 1881.9000000000003 0 0 0 1313.1 0 0 0
J1521+0420 423.19999999999993 0 0 90.7 0 0 0 0
J0631+2020 272.29999999999995 0 0 1057.7999999999997 292.6 0 0 0
J1534+0131 472.20000000000005 167.5 0 0 0 0 0 0
J0743-5619 544.4 0 0 0 0 0 0 0
J0539-2839 0 0 0 151.0 0 0 0 0
J1159-0940 0 0 0 1332.6 0 0 0 0
J0532-0307 3264.9 288.09999999999997 0 3123.2000000000003 699.6 0 0 0
J1333+2725 696.0 488.2 0 1088.4 0 0 0 0
J0403+2600 2013.6 3863.700000000003 0 580.4 2739.7000000000016 0 0 0
J1243+1622 2012.6 0 0 912.9999999999999 709.5999999999999 0 0 0
J1454-3747 60.5 453.5 0 967.4999999999999 0 895.2 0 0
J1819-6345 0 0 0 423.5 0 0 0 0
J0231-4746 968.0 272.1 0 318.7 0 0 0 0
J1043+2408 302.29999999999995 0 0 0 0 0 0 0
J1952+2526 3029.7000000000016 1088.6 695.5999999999999 1104.8000000000002 0 0 0 0
J0026-3512 1710.6 272.0 0 0 0 0 0 0
J0407+0742 0 0 0 701.3 4451.100000000002 0 0 0
J1516+0015 423.3 0 0 181.3 647.0999999999999 0 0 0
J1410+0203 4014.1 1119.0 1673.7999999999997 9445.500000000004 3279.2 2092.3 0 0
J0213-0719 1391.1 181.3 0 0 0 0 0 0
J0449-0057 181.39999999999998 0 0 0 0 0 0 0
J1733-3722 3902.8 2522.300000000001 232.20000000000002 11132.300000000003 6598.799999999998 6196.3 1120.6 0
J0057-0024 120.9 0 0 0 0 0 0 0
J0700-6610 2135.6 0 0 2811.5999999999995 0 0 0 0
J1938+0448 2117.9 0 181.4 8840.800000000005 8278.000000000004 0 0 0
J0340-2119 3188.6000000000017 0 181.70000000000002 3145.6000000000004 4540.700000000003 0 0 0
J0201-1132 121.0 0 0 0 0 0 0 0
J1159+2914 473.3999999999999 0 0 2950.3999999999996 816.5 0 0 0
J1406-0707 362.6 0 0 0 0 0 0 0
J2203-6130 363.0 0 0 0 0 0 0 0
J0919-5340 0 0 0 161.2 0 0 0 0
J1217+3007 755.6 0 0 0 0 0 0 0
J1653+3107 0 0 279.2 0 0 894.9 0 0
J1404-0013 0 0 0 0 167.7 0 0 0
J1104-2431 76.6 0 0 2151.000000000001 215.8 0 0 0
J1434+1952 0 120.9 0 0 0 0 0 0
J0604-4225 278.40000000000003 0 0 122.90000000000002 0 0 0 0
J0202-0559 453.40000000000003 0 0 90.6 0 0 0 0
J1514-4748 695.4999999999999 0 0 0 0 0 0 0
J0433+0521 272.0 0 0 516.0 123.10000000000001 366.9 0 0
J2336-5236 1058.5 574.7 0 274.20000000000005 76.7 0 0 0
J0122+2954 362.9 0 0 0 0 0 0 0
J0011-2612 338.5 0 0 1921.3999999999996 0 0 0 0
J0824+3916 0 0 0 394.79999999999995 0 0 0 0
J0336-1302 0 423.5 0 1723.9 0 0 0 0
J0130+0842 0 0 0 453.5 0 0 0 0
J0406-3826 0 0 0 423.3 260.1 0 0 0
J0149+1857 405.1 0 0 1681.400000000001 0 0 0 0
J0301+0118 4115.0 0 0 167.3 0 0 0 0
J1613+3412 0 0 272.1 0 0 0 0 0
J1146-2859 1118.8000000000002 0 0 743.7 475.80000000000007 415.70000000000005 0 0
J1308-6707 423.6 151.3 0 2535.7999999999997 0 0 0 0
J0418+3801 241.9 0 0 612.8999999999999 308.59999999999997 0 0 0
J2349-4932 0 0 0 123.00000000000001 151.2 0 0 0
J0825-3218 725.8 0 0 0 0 0 0 0
J0715-6829 695.5 0 0 0 0 0 0 0
J1342-2900 9815.4 1270.5 0 5434.7000000000035 3001.3999999999996 0 0 0
J0056-4451 151.1 151.0 0 0 0 0 0 0
J0519+2744 455.3999999999999 0 0 451.30000000000007 0 0 0 0
J1222+0413 1554.6 772.5 0 2889.9 985.1999999999999 846.5 0 0
J0956+2515 483.5999999999999 0 0 864.2 564.8 0 0 0
J1430+1043 3652.7999999999997 60.6 0 0 0 0 0 0
J1827-0405 423.6 0 0 423.40000000000003 0 0 0 0
J0635-7516 36693.0 2516.0 910.3 45607.50000000003 13125.1 0 0 0
J1706-4600 3035.5000000000005 0 0 3260.2000000000007 362.79999999999995 0 0 0
J2308+2008 1904.5 0 0 0 1941.3000000000018 0 0 0
J1206+0529 396.79999999999995 0 0 0 0 0 0 0
J1658+0741 169.2 0 0 0 0 213.8 0 0
J0612-3138 169.29999999999998 0 0 0 0 0 0 0
J0907-0042 1994.1999999999998 0 0 0 0 0 0 0
J1155-5730 0 0 0 241.69999999999996 0 0 0 0
J1945-0153 0 0 0 423.4 0 0 0 0
J2324-3714 181.29999999999998 0 0 0 0 0 0 0
J1305-1033 322.79999999999995 0 0 362.8 702.6 0 0 0
J1008+0029 17866.600000000002 6272.300000000004 0 0 0 0 0 0
J0730-1141 695.9000000000001 0 0 6841.700000000003 3155.5 0 0 0
J2000-1325 936.9999999999999 0 0 211.7 280.29999999999995 0 0 0
J1001+2911 271.9 0 0 0 0 0 0 0
J0349-4858 0 0 0 362.79999999999995 0 0 0 0
J1330+2509 60.5 0 0 302.5 0 0 0 0
J1551-1755 0 121.0 353.09999999999997 4826.200000000003 302.4 0 0 0
J0946+1017 272.0 0 0 1016.000000000001 0 0 0 0
J0815+3635 393.20000000000005 0 0 332.5 0 0 0 0
J0154+0823 0 0 0 151.1 0 0 0 0
J0214-6149 0 0 0 0 0 290.2 0 0
J1148+1840 2019.9 0 1848.6000000000004 1953.4000000000008 4799.0 0 0 0
J1829+3957 0 0 0 780.6000000000006 0 0 0 0
J1925+2106 362.79999999999995 0 0 786.4000000000001 0 0 0 0
J1753+2848 0 122.89999999999999 0 0 94.19999999999999 0 0 0
J1708+0035 0 0 0 241.8 0 0 0 0
J1321-2636 0 0 0 907.0999999999999 0 0 0 0
J0440+2728 623.0 967.7000000000007 0 1972.3000000000004 0 0 0 0
J0012-3954 786.3 0 0 0 0 0 0 0
J1752-2956 2297.8 0 0 3877.8000000000015 0 0 0 0
J1042-4143 907.2 0 0 4475.7 0 0 0 0
J1354-1041 0 0 0 1661.2999999999997 0 0 0 0
J1531-5108 1663.1999999999998 0 0 1481.6 272.09999999999997 0 0 0
J2229-6910 181.50000000000003 0 0 0 0 0 0 0
J1846-0651 211.70000000000002 0 0 0 0 0 0 0
J0219+0120 1421.6 0 0 2058.0 0 0 0 0
J1259-2310 0 0 0 60.5 0 0 0 0
J2135-5006 0 0 0 423.50000000000006 0 0 0 0
J1833-2103 522.5 0 0 994.3 2451.2999999999997 1696.1 992.1 0
J0303-6211 941.6999999999999 544.5 0 1725.3999999999999 1367.0000000000002 1250.3000000000002 0 0
J0745+1011 181.8 0 0 0 0 0 0 0
J2007+4029 127.10000000000002 145.2 0 0 598.7000000000002 0 0 0
J1744-5144 0 0 0 90.9 0 0 0 0
J1130-1449 5016.9 1391.3 0 497.8 949.5999999999999 0 0 0
J1924-2914 125733.59999999961 16711.099999999995 12862.1 227844.89999999906 205751.19999999984 47565.400000000016 22318.7 926.3000000000001
J0426+0518 0 0 0 0 272.09999999999997 0 0 0
J0629-1959 272.3 0 0 151.3 272.29999999999995 0 0 0
J1146-2447 318.40000000000003 634.9 0 0 0 0 0 0
J0209-0438 3055.1 0 0 0 0 0 0 0
J0113-3551 362.9 0 0 1404.9 122.9 0 0 0
J2124-4948 60.5 60.4 0 0 0 0 0 0
J2009-4849 123.0 0 0 937.3999999999999 647.8999999999999 0 0 0
J0823+2223 876.8000000000001 211.49999999999997 0 151.3 642.9999999999999 0 0 0
J1908+1201 0 0 0 121.0 0 0 0 0
J0059+0006 0 181.29999999999998 0 120.89999999999999 0 0 0 0
J1514+0252 846.9999999999999 0 0 0 0 0 0 0
J1357-1744 242.0 0 0 0 0 0 0 0
J1851+0035 24268.999999999996 1210.8999999999999 665.0999999999999 27216.20000000001 4455.699999999999 362.6 0 0
J1812-2836 0 60.6 0 181.60000000000002 0 0 0 0
J1914+1636 0 0 0 509.1 0 0 0 0
J0547+2721 211.70000000000002 0 0 469.70000000000005 483.69999999999993 0 0 0
J1534-3526 1331.2 0 0 7110.9000000000015 3361.5999999999995 0 0 0
J0136-4044 1209.3999999999999 0 0 60.6 0 0 0 0
J0532+0732 2235.2000000000003 145.3 0 16435.5 860.4 0 0 0
J1438-3122 0 0 0 0 1204.2 0 0 0
J2226+0052 6563.999999999999 907.3 0 9865.000000000004 3806.4 2540.2 0 0
J1720-3552 181.5 0 0 3031.4 0 0 0 0
J0846-2607 697.3999999999999 0 0 0 262.09999999999997 0 0 0
J1230+1223 544.3 0 0 0 1875.7999999999997 0 1302.4 0
J1329+3154 151.2 0 0 513.8 0 0 0 0
J1658-0739 1016.100000000001 0 0 0 0 0 0 0
J0204-1701 0 0 0 2497.000000000001 0 366.79999999999995 0 0
J1147-3812 759.3 626.0 0 1288.5 9522.400000000003 2204.400000000001 1096.6000000000001 0
J1617-5848 67341.30000000008 10308.599999999997 1532.6999999999998 27712.500000000022 17597.100000000002 155.1 485.2 0
J1911-2006 695.4000000000001 181.4 0 3661.3 6878.000000000004 0 0 0
J1058-8003 735.5 357.0 0 10445.800000000001 11880.2 0 0 0
J0152+2207 1451.5 0 0 241.9 11948.399999999998 0 0 0
J0826-2230 459.59999999999997 362.8 0 0 368.70000000000005 0 0 0
J0541-0541 4341.2 1562.0000000000005 0 11172.7 13722.4 0 0 0
J0544+1118 0 0 0 90.8 0 0 0 0
J0034-0054 852.6999999999999 423.4 0 0 0 0 0 0
J0040+0125 605.0 0 0 302.2 227.99999999999997 0 0 0
J0155+2230 484.0 0 0 0 0 0 0 0
J0613+1708 60.6 0 0 241.99999999999997 755.8 0 0 0
J0118-2141 0 0 0 423.4 0 967.8 0 0
J2345-1555 801.2 0 0 2098.600000000001 621.4 0 0 0
J1254-6111 211.7 0 0 1528.3 715.9 0 0 0
J0042-4030 362.69999999999993 0 0 0 0 0 0 0
J0519-4546 55926.40000000007 11710.099999999993 1548.8 53245.400000000045 53487.700000000004 2432.5 345.70000000000005 0
J0119+0829 0 0 0 76.6 0 0 0 0
J0402-3147 181.4 0 0 60.4 0 0 0 0
J1131-0500 0 0 725.5999999999999 1557.7000000000003 605.0 830.9000000000001 0 0
J2130+1643 0 0 0 211.49999999999997 0 0 0 0
J1452-1319 0 0 0 0 338.6 0 0 0
J1041+0610 604.5999999999999 0 201.9 151.2 2228.2000000000003 0 0 0
J2358-1020 181.5 0 0 258.9 123.10000000000001 0 0 0
J0702-1951 0 0 151.1 2484.0 242.00000000000003 0 0 0
J1550+0527 66476.40000000005 17758.2 10408.0 15917.999999999998 5610.9 0 3626.2000000000003 0
J2358-4555 0 0 0 362.9 1419.8 0 0 0
J0531-4827 1088.5 151.2 0 423.3 4086.4000000000037 0 0 0
J1124+2336 0 907.4 0 0 0 0 0 0
J1319-0049 2114.5000000000005 636.9000000000001 0 2978.8999999999996 618.6 0 0 0
J1651+0129 484.20000000000005 120.8 0 3870.300000000001 2780.2 0 0 0
J0240-0504 665.5 0 0 0 0 0 0 0
J2331-1556 0 0 0 997.8 1142.8000000000009 0 0 0
J1146+3958 77.39999999999999 76.1 0 154.7 0 0 0 0
J2327+0940 0 0 0 635.2 60.4 0 0 0
J0329-2357 60.5 211.5 181.6 3718.3999999999996 4836.599999999999 544.3 0 0
J0453-2807 120.9 0 241.69999999999996 514.3000000000001 1991.4999999999998 0 1342.3000000000006 0
J0517-0520 1149.6000000000001 181.39999999999998 0 1832.6000000000017 151.2 0 0 0
J1108+0811 0 0 0 1195.8000000000002 0 0 0 0
J1246-2547 632.5 0 0 862.5000000000001 861.0999999999999 0 0 0
J2216-1122 0 0 0 0 236.9 0 0 0
J2158-1501 4917.8 362.9 0 955.9 393.79999999999995 2019.8000000000002 0 0
J1019-6047 0 0 0 0 637.3 0 0 0
J1038-5311 0 0 0 0 701.8 0 0 0
J1258-1800 0 0 0 453.6 0 0 0 0
J1536-3151 0 0 0 272.0 0 0 0 0
J1103+3014 0 0 0 197.5 0 0 0 0
J0933-1139 181.60000000000002 0 0 258.0 0 0 0 0
J2147+0929 90.7 0 0 1131.3000000000002 0 0 0 0
J0901-0037 725.9 0 0 0 0 0 0 0
J0120-2701 4673.700000000003 0 0 453.7 1181.7000000000007 1391.4 0 0
J1225+1253 9518.600000000004 943.0000000000002 0 1300.1999999999998 0 0 0 0
J0134-3843 302.4 302.3 0 729.5999999999999 0 0 0 0
J1133+0015 60.5 0 0 0 0 0 0 0
J0609-1542 439.2 0 0 1697.7 879.0999999999999 0 0 0
J1112-5703 0 0 0 332.5 0 0 0 0
J2222+1213 1300.2 0 181.29999999999998 151.20000000000002 373.4 0 0 0
J0321-0526 362.69999999999993 0 0 0 0 0 0 0
J1629-1720 151.4 0 0 276.1 0 1653.2000000000003 0 0
J1145-6954 508.2 0 0 6258.200000000006 834.5999999999999 0 0 0
J1743-0350 5326.4 0 181.50000000000003 3952.3999999999996 2116.600000000001 0 761.9000000000005 0
J1025+1253 340.8 725.1999999999999 0 937.5 215.70000000000002 0 0 0
J2141-3729 0 0 0 665.3 90.7 0 0 0
J1619+2247 1488.2 60.5 0 2710.0 2259.3999999999996 0 0 0
J0422+0219 302.7 0 0 0 0 0 0 0
J0526-6749 3297.1000000000004 423.19999999999993 0 362.9 0 0 0 0
J0725-0054 11628.199999999997 1881.9999999999998 0 13131.899999999994 19829.000000000004 912.0 0 0
J1254+1141 713.9 547.9 0 2302.2000000000007 688.1 0 0 0
J1816-3052 0 0 0 151.3 0 0 0 0
J1907+0907 0 0 0 0 181.39999999999998 0 0 0
J1522-2730 0 0 0 181.60000000000002 0 0 0 0
J0058-5219 1028.1 0 0 0 0 0 0 0
J0441-3300 0 484.0 0 0 0 0 0 0
J0143-3200 233.0 0 0 1247.1000000000001 4466.5 0 0 0
J2353-3037 0 0 0 13135.000000000011 6232.700000000002 0 0 0
J1555-4150 120.8 0 199.6 0 0 181.5 0 0
J1532-1319 0 0 0 368.69999999999993 338.6 0 0 0
J0006-0623 110464.79999999977 20512.2 6189.4 114410.1999999998 121747.89999999998 12306.500000000002 3135.2000000000007 0
J0357+2319 0 0 0 1694.3 0 0 0 0
J1304-0346 181.5 0 0 0 0 0 0 0
J1751-1950 2709.3000000000006 2902.6000000000026 0 187.5 617.0000000000003 0 0 0
J0854+2006 62880.50000000002 10815.299999999997 10503.100000000002 63103.600000000064 56503.00000000004 8927.4 8476.099999999999 0
J1935+2031 272.3 0 0 1701.3000000000002 2336.6 0 0 0
J1458+0416 504.20000000000005 0 0 0 122.9 0 0 0
J0527-1002 0 723.7000000000005 0 0 0 0 0 0
J1332-0509 0 1360.8999999999999 0 60.5 0 0 0 0
J0555+3948 907.1999999999999 0 0 76.6 0 0 0 0
J1107-6820 395.1 0 0 0 0 0 0 0
J1147-0724 0 302.6 544.0999999999999 1296.3000000000002 750.0 0 0 0
J0336+3218 4144.599999999999 1342.4999999999998 967.8 23074.20000000001 8455.800000000003 0 0 0
J1232-0224 3640.500000000002 0 0 2505.7000000000007 230.1 0 0 0
J2047-0246 120.9 0 0 0 0 0 0 0
J1719+1745 181.5 0 0 0 0 0 0 0
J0851-5228 0 0 0 211.8 0 0 0 0
J2358+3922 0 0 0 76.5 0 0 0 0
J1133+0040 0 0 0 272.09999999999997 0 0 0 0
J0209+1352 90.8 0 0 0 0 0 0 0
J2225-0457 916.8999999999999 0 0 725.8 564.4 0 604.9 0
J0058-3234 90.6 181.5 0 393.1 197.89999999999998 0 0 0
J1337-2951 4067.5 0 0 0 0 0 0 0
J1549+0237 381.2 0 0 669.2 245.79999999999998 367.0 0 0
J2354-1513 90.9 0 0 0 0 0 0 0
J1007+1356 674.7 444.70000000000005 0 106.89999999999999 0 0 0 0
J1408-2900 266.09999999999997 0 151.2 1078.8 0 0 0 0
J1024-3234 302.29999999999995 0 0 0 0 0 0 0
J1208-7809 2685.900000000002 0 0 665.0999999999999 0 0 0 0
J2235-4835 0 0 0 90.8 1888.9000000000005 316.2 0 0
J1653-1551 3032.200000000002 0 0 3202.300000000002 0 0 0 0
J0450-8101 60.5 0 0 8639.699999999999 0 0 0 0
J0309+1029 1596.1999999999998 0 0 1058.7 0 0 0 0
J0126-0120 0 0 0 0 750.1999999999999 0 0 0
J0115-0127 181.4 0 0 0 0 0 0 0
J2109+3532 0 0 0 241.79999999999998 0 0 0 0
J1713-3418 2237.7999999999997 1028.1 0 1473.9000000000005 0 0 0 0
J1103-3251 5732.600000000005 1958.3000000000009 0 871.6000000000007 2848.5000000000027 0 0 0
J1019-2708 122.89999999999999 241.89999999999998 0 120.9 0 0 0 0
J1703-6212 90.6 0 0 1119.1 856.8 0 0 0
J0426+2327 10041.500000000004 778.4000000000001 0 16104.600000000006 7034.100000000005 0 0 0
J0116-2052 1270.2 0 0 0 0 0 0 0
J1557-0001 1971.0 0 895.6000000000001 2919.9 0 0 0 0
J1230+2518 290.09999999999997 0 0 1203.2 0 0 0 0
J0501-0159 3459.2999999999993 60.6 0 8050.700000000001 1623.7 434.0 0 0
J1322-6532 374.79999999999995 60.4 0 0 177.2 0 0 0
J0038-2459 36038.5 3326.100000000001 6289.000000000001 17656.800000000007 13019.000000000004 2088.2000000000003 0 0
J0004-1148 242.1 0 0 923.3999999999999 0 0 0 0
J1641+2257 0 0 0 137.1 0 0 0 0
J1600-5811 302.5 181.3 0 120.9 0 0 0 0
J1254-4424 574.8 0 0 6132.800000000006 725.8 0 0 0
J0607-6031 695.1999999999999 151.1 0 362.79999999999995 292.5 0 0 0
J1419+3821 60.5 997.8 0 1778.7 725.6 0 0 0
J1352-4412 377.20000000000005 0 0 362.9 0 0 0 0
J0519+0848 0 0 0 76.0 0 0 0 0
J2257+0743 242.0 0 0 2238.0999999999995 0 0 0 0
J0239+0416 1361.0000000000002 0 0 1824.6 483.90000000000003 0 0 0
J0725-2640 453.4 0 0 816.3000000000006 0 0 0 0
J0603+1742 1573.5 0 0 0 0 0 0 0
J1951-0509 0 0 544.0999999999999 1619.5000000000002 0 0 0 0
J2241+0953 90.8 0 0 0 0 0 0 0
J1830+0619 1784.3999999999999 0 0 5176.1 6181.600000000002 0 0 0
J1421-1931 181.50000000000003 0 0 90.6 0 0 0 0
J1205-2634 0 0 0 423.29999999999995 0 0 0 0
J1534-2243 0 0 0 90.7 0 0 0 0
J0828-3731 1477.6000000000001 0 0 855.1999999999999 543.8 0 0 0
J2106+2500 60.5 0 0 0 0 0 0 0
J0539+1433 181.50000000000003 0 0 0 868.1999999999999 0 0 0
J2023-0123 0 1233.5000000000005 271.9 0 0 0 0 0
J0057+3021 3042.300000000003 211.79999999999998 302.5 1829.9999999999998 308.59999999999997 0 0 0
J0825+2704 151.1 756.0000000000003 0 351.0 0 0 0 0
J2323-0317 2570.5 2484.4 0 3820.900000000001 5160.199999999999 0 0 0
J1546+0026 1633.0 0 0 0 0 0 0 0
J0107+1312 60.4 0 0 0 0 0 0 0
J1820-2528 905.1999999999998 0 0 1753.9 0 0 0 0
J1303+2433 2398.2000000000007 121.2 0 2635.5 0 0 0 0
J0502+0609 0 0 0 393.1 0 0 0 0
J1331+3030 681.5999999999999 0 0 2416.6 1981.1999999999998 0 0 0
J2141-6411 0 1264.8999999999999 0 181.4 582.5 685.3 0 0
J1011-0423 362.7 0 0 302.70000000000005 0 0 0 0
J1241+1649 362.8 0 0 0 0 0 0 0
J0422+3058 394.59999999999997 0 0 375.0 143.29999999999998 0 0 0
J2224-1126 453.5 120.9 0 0 0 0 0 0
J0954+1743 302.6 0 0 0 0 0 0 0
J2248-3235 302.6 271.9 0 4486.600000000001 828.5999999999999 0 0 0
J0608-2220 393.0 0 0 0 0 0 0 0
J1333-2356 177.59999999999997 0 0 151.2 0 0 0 0
J1419+0628 0 0 0 211.7 0 0 0 0
J0757+0956 181.39999999999998 0 0 168.0 1331.0 0 0 0
J1957-3845 0 0 272.0 774.0999999999999 1360.4 725.6999999999999 7951.300000000001 0
J1327+2210 1450.1 241.8 0 1389.1000000000001 2270.7 2177.3 0 0
J0449+1121 151.2 0 0 362.6 169.50000000000003 0 0 0
J1812-0648 0 0 0 413.5999999999999 0 0 0 0
J0116-1136 308.09999999999997 0 0 497.8 801.8999999999999 0 0 0
J1118+1234 5388.6 0 0 1898.6000000000001 1037.3999999999999 0 0 0
J1517-2422 50123.00000000003 5730.999999999999 11073.300000000001 120663.69999999991 145305.69999999995 14086.900000000001 1573.5 0
J0145-2733 1028.2 0 0 483.79999999999995 0 0 0 0
J0912+2205 423.09999999999997 90.7 0 0 0 0 0 0
J0451-4653 0 0 0 0 292.4 0 0 0
J1522+3144 1269.9999999999998 0 0 919.5 0 0 0 0
J0210-5101 437.2 121.0 0 665.6 2561.7 0 2205.5 0
J0037+1109 2015.4000000000015 604.9999999999999 0 121.2 0 0 0 0
J0205+3212 1911.3 0 0 3411.9000000000005 634.9 0 0 0
J0427+0457 907.8000000000001 604.7 0 605.0 0 0 0 0
J1832-2039 12239.7 4052.2999999999997 417.19999999999993 16253.999999999995 12688.500000000004 302.5 0 0
J0731-2224 0 0 0 60.6 0 0 0 0
J0058+0620 0 0 0 689.2000000000004 0 0 0 0
J1838+0404 606.5 0 0 1210.1000000000001 2058.6000000000004 0 0 0
J1930-6056 0 0 0 272.19999999999993 0 0 0 0
J1606+1814 3330.1000000000013 0 0 393.0 0 0 2852.7 0
J0550+2326 0 0 0 211.7 0 0 0 0
J2320+0513 3073.6000000000013 453.6 0 1195.2 593.1999999999999 0 0 0
J1603-4904 4540.299999999998 0 0 3875.9000000000005 0 0 0 0
J1419+2706 0 544.5 0 90.8 0 0 0 0
J1424-6807 1988.8000000000002 1800.0 0 3349.500000000002 2029.8999999999999 999.8999999999999 0 0
J1840+3900 0 0 0 871.5000000000007 0 0 0 0
J0504-1512 0 181.3 0 0 0 0 0 0
J1130+3031 151.2 0 0 0 0 0 0 0
J1312-0424 530.5 0 0 546.4 0 1088.5 0 0
J0425-5331 1663.4000000000003 0 0 2677.4 1272.3999999999999 0 0 0
J2346+0930 90.6 4699.900000000004 0 1028.0 0 0 0 0
J1325-4301 637.0999999999999 0 0 696.1 423.7 0 1225.7999999999997 0
J2039+2152 0 0 0 197.7 0 0 0 0
J1550-8258 362.7 0 0 0 0 0 0 0
J2230-4416 1149.0999999999997 0 0 4651.6 1142.8000000000002 2170.5 0 0
J0336-2644 0 0 0 211.70000000000002 0 0 0 0
J0348-1610 151.1 0 0 709.3 308.29999999999995 0 0 0
J0102-7546 2453.2 0 0 4855.7 0 7430.400000000001 0 0
J2114+2832 0 2056.1 0 640.9000000000002 0 0 0 0
J1012+2312 1028.3000000000002 0 0 0 0 0 0 0
J0117+1418 1161.3 0 0 574.8000000000001 121.0 0 0 0
J2236-1433 1176.8999999999999 120.8 151.3 1733.0 938.6999999999999 0 0 0
J2214+0711 137.1 0 0 60.4 0 0 0 0
J2139+1423 1710.000000000001 0 0 60.6 0 0 0 0
J0239-0234 10784.300000000001 1027.8999999999999 0 42869.30000000003 7403.800000000003 1512.0 0 0
J0654-1053 76.60000000000001 76.6 0 804.7000000000004 734.1 0 0 0
J2223-3137 604.4000000000001 0 0 1844.2000000000003 0 0 0 0
J2056-3208 151.3 0 0 855.8 629.0 0 0 0
J2131-1207 453.9 0 0 725.6 390.9 0 0 0
J1650-2943 151.1 0 0 932.1999999999998 1193.0 0 0 0
J1946-5812 0 0 0 2449.500000000001 0 0 0 0
J0559-1817 0 0 0 483.19999999999993 0 0 0 0
J1956-3225 0 0 0 90.7 0 0 0 0
J0124-5113 120.8 151.4 483.5999999999999 605.1 647.4 0 0 0
J1224+0330 362.79999999999995 726.0 0 1574.3999999999999 1677.1000000000001 0 0 0
J0743-3803 0 0 0 0 1241.1999999999998 0 0 0
J2052+1619 1070.6000000000001 0 0 0 0 0 0 0
J2027-4726 0 60.4 0 0 0 0 0 0
J1312-7724 0 0 0 544.0 0 0 0 0
J1309+1154 4720.800000000003 0 0 0 0 0 0 0
J2300+1655 1088.7 0 0 363.0 400.79999999999995 0 0 0
J2359-3133 1088.4 453.49999999999994 0 2858.5 2193.2 0 0 0
J0836+2728 60.4 0 0 0 0 0 0 0
J1717-3948 106.3 0 0 0 0 0 0 0
J0849-3541 0 0 0 955.3000000000001 0 0 0 0
J1224+2122 0 0 241.7 3320.3999999999996 120.9 2038.6999999999998 483.70000000000005 0
J0530+1331 90.8 0 0 2371.2000000000016 0 0 0 0
J2218+1520 580.5000000000002 0 0 0 0 0 0 0
J0022+0608 0 0 0 996.2000000000005 0 0 0 0
J1607-3331 332.6 0 0 0 0 0 0 0
J1152-0841 2872.7999999999997 0 0 120.8 169.3 0 0 0
J2306-0459 241.6 0 0 151.1 0 0 0 0
J2158-3013 0 0 0 302.4 121.0 0 0 0
J0133-5200 0 0 0 211.6 232.0 0 0 0
J0808-0751 376.90000000000003 0 0 930.4 0 0 0 0
J0831+0429 0 0 0 181.39999999999998 1522.0000000000002 0 0 0
J0731-2341 0 0 0 60.4 0 0 0 0
J1445-1629 121.0 0 0 90.7 0 0 0 0
J1135-0428 262.2 0 0 544.3 0 0 0 0
J0940+2603 443.3 0 0 0 0 0 0 0
J0816-2421 0 0 0 241.79999999999995 0 0 0 0
J2216+3518 0 0 0 635.0 0 846.6 0 0
J1342-2051 1439.6999999999998 0 0 453.4 0 0 0 0
J2034+1154 151.3 0 0 0 0 0 0 0
J0608-5456 544.2 90.7 0 423.2 123.00000000000001 0 0 0
J1744-3116 21467.799999999996 1270.0 1475.9 57223.8 23097.000000000007 372.3 0 0
J0334-4008 72030.00000000001 25144.100000000002 5569.700000000001 70639.80000000005 32701.3 1031.9 7851.199999999998 0
J0403-2444 0 0 0 634.9 1683.5 0 0 0
J1051+2027 308.70000000000005 0 0 151.1 0 0 0 0
J0950+0615 121.0 0 0 0 0 0 0 0
J1357+1919 211.49999999999997 0 0 246.9 0 0 0 0
J2025-2845 141.29999999999998 0 0 8037.200000000004 0 0 0 0
J0304+3348 635.0 0 0 0 0 0 0 0
J2206-0031 574.4 0 0 0 3085.2000000000003 907.1999999999999 0 0
J1553-2422 3538.2000000000025 0 0 4829.900000000002 2653.7000000000003 0 0 0
J1342+2709 181.39999999999998 725.9 0 0 0 0 0 0
J1953+3537 363.0 0 0 0 0 0 0 0
J2229-0832 901.1 0 0 487.3 4408.100000000001 1387.1999999999998 0 350.5
J2148+0657 36123.60000000003 8704.7 2478.7000000000003 51790.00000000002 25895.2 2151.6 1248.7 0
J1145+0455 0 0 0 227.8 0 0 0 0
J1321-4342 6973.599999999999 0 0 881.3000000000001 20153.399999999998 2604.6 0 0
J2050+3619 0 0 0 302.4 0 0 0 0
J0315-1031 0 0 0 1652.6000000000006 0 0 0 0
J0811-4929 76.7 122.8 0 1905.6999999999998 0 725.7 0 0
J0151-1732 235.6 0 0 667.1999999999999 338.90000000000003 0 0 0
J1717-5155 0 0 0 0 322.4 0 0 0
J0908+1609 395.0 0 0 808.4 0 0 0 0
J0614-2536 943.7 0 0 0 0 0 0 0
J1834-0301 211.70000000000002 0 0 2355.1 0 0 0 0
J1450+0910 725.5999999999999 755.5 0 0 1550.4 0 0 0
J1048-1909 211.5 0 0 393.1 3316.599999999999 0 0 0
J1709-3525 90.7 0 0 695.5 151.4 0 0 0
J0516-7237 120.89999999999999 0 0 544.1 0 0 0 0
J1227-4436 0 0 0 241.8 0 0 0 0
J1122+1805 0 0 0 90.8 0 0 0 0
J2040-5735 302.0 0 0 423.19999999999993 169.70000000000002 0 0 0
J0502+3436 0 0 0 217.79999999999998 0 0 0 0
J1727-1951 90.7 0 0 0 0 0 0 0
J1545+2006 90.7 0 0 0 0 0 0 0
J1802-3940 0 0 0 3036.9999999999995 2511.2000000000003 290.4 0 0
J0223-5347 60.5 0 0 0 0 0 0 0
J0922-3959 956.3000000000001 0 0 383.0 3816.5 1816.5 0 0
J0601-7036 8621.999999999998 0 181.6 31195.000000000015 656.4 1959.4 310.0 0
J0825+0309 1402.1999999999998 1596.6000000000008 0 3231.9 2607.2 0 0 0
J1036-3744 1813.8 0 0 3579.800000000003 768.0 0 0 0
J1753-5015 0 151.20000000000002 0 0 0 0 0 0
J2120+0533 544.1999999999999 0 0 0 0 0 0 0
J0559+2353 60.5 0 0 0 0 0 0 0
J0948+0022 51234.70000000002 11486.6 1351.3 55608.300000000025 51171.09999999999 8586.8 0 0
J2056-4714 41176.600000000006 8758.999999999998 8243.6 56255.70000000007 23457.199999999997 1542.5999999999997 943.3999999999999 0
J0552+1913 181.29999999999998 0 0 181.5 0 0 0 0
J0648-3044 0 0 0 501.99999999999994 0 0 0 0
J1329-5608 1119.1 0 0 2025.6999999999998 3313.9 0 411.1 0
J1357-1527 0 0 0 60.4 0 0 0 0
J0017-0512 0 0 423.29999999999995 181.50000000000003 2417.3999999999996 0 0 0
J0552+0313 9495.399999999996 0 0 4812.2 4970.800000000001 0 0 0
J1342-3240 121.0 0 0 0 0 0 0 0
J1217-0029 0 0 580.5999999999999 725.8 0 0 0 0
J0653-0625 0 0 0 121.0 0 0 0 0
J1832-1035 4281.7 0 0 9295.600000000002 1270.1999999999998 0 0 0
J1038+0512 1602.6 302.6 0 90.8 587.3 0 0 0
J1604-2223 0 0 0 804.5000000000007 0 0 0 0
J1058+0133 141417.19999999955 41810.70000000002 8479.3 171671.1999999996 224019.20000000033 15198.900000000001 2029.2 0
J0606-0724 120.9 0 0 635.2 0 0 0 0
J0359-2615 0 695.5999999999999 0 0 0 0 0 0
J0518+3306 1633.400000000001 0 0 0 580.6000000000001 0 0 0
J0050-0929 181.29999999999998 0 0 181.3 0 0 0 0
J0438+3004 6408.600000000002 2592.000000000001 1270.3999999999999 38743.40000000001 9437.500000000002 0 0 0
J0327-1803 0 0 181.5 635.1 0 0 0 0
J1209-2406 60.4 0 0 60.6 967.9 0 0 0
J0403-3605 0 0 201.79999999999998 0 242.0 0 0 0
J0603+2159 0 0 0 151.2 0 0 0 0
J2357-5311 62510.700000000084 17217.5 1696.3999999999999 35795.70000000002 10162.499999999998 2665.2 0 0
J1627-2426 0 423.29999999999995 0 302.4 0 0 0 0
J1408-5712 695.0 0 0 211.7 0 0 0 0
J2216-1124 0 0 0 0 236.9 0 0 0
J0423-0120 85858.89999999998 16480.0 15791.8 134347.79999999964 81152.19999999998 9752.599999999999 472.00000000000006 0
J0927+3902 302.1 0 0 721.6999999999999 3192.5000000000005 0 487.59999999999997 0
J1424-4913 0 0 306.59999999999997 0 0 519.9000000000001 0 0
J0211+1051 497.7 0 0 120.8 169.60000000000002 0 0 0
J1448-1620 0 0 0 181.7 0 0 0 0
J1216-1033 1274.6000000000001 0 0 967.4999999999999 0 0 0 0
J2236-0406 635.2000000000003 0 0 0 0 0 0 0
J2208-6325 1806.3 0 0 0 0 0 0 0
J1636-4102 876.9 0 0 1727.0 2738.4999999999995 0 0 0
J0943-0819 574.8 0 0 0 0 0 0 0
J0549-5246 0 0 0 967.8 0 0 0 0
J0327+0044 574.9000000000001 0 0 0 0 0 0 0
J2256-2735 0 151.20000000000002 0 0 0 0 0 0
J2243-2544 181.5 0 0 0 0 0 0 0
J2258-2758 64798.40000000005 12443.799999999994 16648.0 87860.90000000001 57508.700000000004 21044.9 390.2 0
J1246-0730 141.6 181.3 0 4294.500000000004 137.1 0 0 0
J1747-5310 0 544.1999999999999 0 0 0 0 0 0
J1406-0848 302.4 0 0 0 0 0 0 0
J1215-1731 2147.7 635.2 0 5088.799999999999 2405.8999999999996 0 0 0
J0117-2111 938.9999999999999 0 0 167.4 0 0 0 0
J0309-6058 3182.5 725.4999999999999 0 2807.2000000000007 4322.2 683.5999999999999 0 0
J1427+2348 1914.8 0 0 2299.5000000000005 723.9000000000001 0 0 0
J1239-1023 181.6 0 0 90.7 0 0 0 0
J1335-0511 0 455.59999999999997 0 0 0 0 0 0
J0550-5732 634.9 1325.2000000000012 0 695.6 4217.200000000001 1193.2 0 0
J1751+0947 0 0 0 0 242.0 0 0 0
J0921-2618 0 0 0 0 120.8 0 0 0
J2136+0041 1087.9999999999998 302.4 0 1503.0 635.0 0 0 0
J2334+0736 120.9 0 0 393.0 395.20000000000005 0 0 0
J1206-6138 60.4 0 0 2344.7 0 0 0 0
J1656+1826 290.59999999999997 0 0 526.0000000000001 0 0 0 0
J2230-1325 708.0 0 0 90.7 0 0 0 0
J1107-3043 213.7 0 0 1360.5 215.7 0 0 0
J1238+0723 637.3 0 0 0 0 0 0 0
J1453+2648 302.5 229.7 0 1683.2000000000003 536.1999999999999 0 0 0
J0315-1656 1040.6 0 0 326.59999999999997 0 0 0 0
J1624-3213 0 0 0 312.0 0 0 0 0
J0217+0144 11443.599999999999 1361.2 403.79999999999995 2116.8 10962.100000000004 3355.7 2935.0 0
J1148-7819 0 0 0 1523.800000000001 0 0 0 0
J0521+2112 197.5 0 0 7142.300000000005 6358.000000000003 0 0 0
J0115-2804 574.6999999999999 272.3 0 0 0 0 0 0
J1722+2815 302.29999999999995 0 0 0 0 0 0 0
J0141-0202 1195.2000000000007 166.7 0 544.3 0 0 0 0
J1625-2527 17639.400000000005 1300.4 574.1 28621.2 18328.000000000007 1041.5 0 0
J2343+2339 798.2000000000003 0 0 938.0 0 0 0 0
J2210+2013 272.4 0 0 0 0 0 0 0
J0106-4034 7212.599999999999 0 0 1472.7999999999997 1453.2 0 0 0
J0529-0519 10663.800000000003 0 0 3199.600000000001 332.8 0 0 0
J1603+1105 907.4 0 0 0 0 0 0 0
J0703-0051 0 0 0 121.0 0 0 0 0
J1502-1508 0 0 0 90.8 0 0 0 0
J0656-0323 0 0 0 3162.9000000000024 0 0 0 0
J0423+4150 181.5 0 0 0 0 0 0 0
J0051-4226 453.4 60.5 0 272.2 0 0 0 0
J1112+3446 635.0999999999999 0 0 0 0 0 0 0
J1307-5019 1239.5 0 0 1753.8999999999999 1379.3999999999999 0 0 0
J0204+1514 806.3999999999999 0 0 90.8 0 0 0 0
J0435+2532 2685.200000000001 0 0 646.8 0 0 0 0
J1448+0402 1183.2 0 0 121.2 0 0 0 0
J0217-0820 7798.600000000004 937.0999999999999 381.70000000000005 12237.899999999998 17089.199999999993 0 0 0
J1652-0400 332.5 1790.1000000000008 0 0 0 0 0 0
J1825-5230 774.4 0 0 60.4 0 0 0 0
J0512+2927 1229.5 0 0 5705.300000000003 60.4 0 0 0
J0202-1948 0 0 0 2739.800000000002 0 0 0 0
J1532+2344 4855.400000000002 0 0 2087.400000000001 0 0 0 0
J1922+1530 9286.800000000003 0 0 4713.8 635.0 121.0 0 0
J0701-4634 3945.2000000000016 0 0 4557.400000000002 3138.7000000000007 0 0 0
J1252-6737 90.6 0 0 423.20000000000005 0 0 0 0
J1743-1658 302.5 0 0 2436.5 0 552.3000000000001 0 0
J1717-3342 28383.800000000014 840.3 0 15484.600000000008 9000.200000000004 0 682.0 0
J1326-5256 0 0 357.0 1723.6999999999998 895.0999999999999 290.29999999999995 0 0
J2151-3027 244.1 0 0 1074.6 77.3 0 520.0999999999999 0
J0559-4529 181.2 0 0 0 0 0 0 0
J1330-3122 2630.9000000000005 0 0 0 725.8 0 0 0
J0918-0628 432.59999999999997 0 0 0 0 0 0 0
J2316-4337 544.5 0 0 0 0 0 0 0
J0350-3232 0 60.6 0 0 0 0 0 0
J2123+0535 309.4 0 0 211.8 0 0 0 0
J0341+3352 2346.6000000000004 0 0 0 0 0 0 0
J1014+2301 0 0 0 1605.8999999999999 0 0 0 0
J1923-6320 121.0 0 0 0 0 0 0 0
J2336-4115 967.4 0 0 0 0 0 0 0
J1229+0203 50786.90000000002 13900.3 11679.1 88998.80000000009 72003.39999999998 27325.0 4485.099999999999 0
J2023+3153 0 0 0 362.9 0 0 0 0
J1310+3220 0 0 0 316.3 0 0 0 0
J1102-4404 218.7 0 211.5 1519.1 0 0 0 0
J1617-7717 2340.3000000000015 0 0 0 368.90000000000003 0 0 0
J1955+1358 653.0000000000001 0 0 5899.499999999999 1373.5 0 0 0
J0516-6207 484.0 0 0 2844.2999999999997 3755.0000000000023 0 0 0
J0616-1041 483.6 0 0 0 0 0 0 0
J0049+0237 635.1999999999999 997.8000000000001 0 0 276.29999999999995 0 0 0
J0852+2833 126.89999999999999 0 0 0 0 0 0 0
J2323-0617 121.0 0 0 2030.8000000000009 0 0 0 0
J1248-0632 968.0999999999999 60.5 0 60.4 0 0 0 0
J1118-4634 0 0 0 60.4 0 0 0 0
J0238+1636 71499.40000000005 10600.8 2767.3999999999996 59304.30000000003 22155.799999999996 2682.0000000000005 0 0
J0349-2102 483.9 0 0 0 0 0 0 0
J1102+2757 242.10000000000002 0 0 1804.6000000000006 0 0 0 0
J0718-4319 0 0 0 270.19999999999993 0 0 0 0
J1755-2232 120.9 0 0 4947.200000000002 0 0 0 0
J1007-3333 360.1 181.60000000000002 0 151.3 0 0 0 0
J2238+1242 0 151.3 0 60.4 0 0 0 0
J1101-6056 60.4 0 0 0 0 0 0 0
J1037-2934 53762.09999999998 14022.199999999995 5382.1 46646.300000000025 37375.999999999985 4201.300000000001 620.0 0
J1221+2813 181.29999999999998 1451.3000000000002 0 2350.000000000001 0 0 0 0
J1427-4206 86744.69999999992 7680.099999999999 4739.2 129073.49999999962 140680.69999999998 6270.8 5544.9 0
J2109-4110 683.3999999999999 0 1542.2999999999997 544.3000000000001 241.89999999999998 0 0 0
J2300+0337 302.40000000000003 0 0 0 0 0 0 0
J0808+0514 1060.0 302.59999999999997 0 151.2 0 0 0 0
J0538-4405 44776.60000000001 924.0999999999999 0 37667.30000000002 36022.1 2025.6999999999996 0 0
J1010-0200 9825.3 2261.2 362.8 17532.300000000003 14766.500000000004 1347.0 0 0
J0529-2515 484.3 0 0 211.59999999999997 0 0 0 0
J2200+1030 363.1 0 0 121.1 0 0 0 0
J2105-4848 153.20000000000002 76.60000000000001 0 151.29999999999998 0 0 0 0
J1339-2620 211.7 0 0 211.6 0 0 0 0
J1905+0952 2272.4999999999995 0 0 5099.000000000002 121.0 0 0 0
J1733-1304 45718.699999999975 3099.5999999999995 713.7 75655.50000000001 47213.100000000006 978.0999999999999 787.5 0
J0340-0254 292.3 0 0 0 0 0 0 0
J0422-0643 1683.600000000001 288.2 211.8 1451.5 986.1 0 0 0
J1848+3219 0 0 0 919.1999999999999 0 0 0 0
J2236+2828 1305.1 242.1 0 1610.3000000000002 276.2 0 0 0
J0916+3854 0 0 392.7 665.6 362.9 0 0 0
J1510-0543 0 0 0 229.8 0 0 0 0
J0112+3208 0 0 0 4064.1000000000013 0 0 0 0
J2232+1143 11914.199999999999 951.0 0 9776.8 20540.199999999997 7787.299999999999 2789.8999999999996 485.79999999999995
J0200+0322 60.5 0 0 0 656.5999999999999 0 0 0
J1136-7415 0 725.5 0 0 0 0 0 0
J0650-1637 0 0 0 120.9 0 0 0 0
J0146-5202 304.29999999999995 90.7 0 181.39999999999998 0 0 0 0
J1220-5604 0 0 0 296.29999999999995 0 0 0 0
J0904-5735 1642.6999999999998 302.4 0 16111.500000000004 7262.7 181.5 0 0
J0510-3142 0 0 0 0 308.40000000000003 0 0 0
J0429+2724 0 0 0 241.9 0 0 0 0
J0208-0047 2677.8 363.0 423.3 2162.9 1339.6999999999996 0 0 0
J0457-2324 632.4 0 0 497.9 2310.1 0 0 0
J2151-2742 0 0 0 181.3 0 0 0 0
J2146-1525 120.8 181.5 0 1058.1 2846.0 0 0 0
J1059-1134 0 0 0 333.0 0 0 0 0
J1002+1216 997.6000000000012 2927.6000000000013 1028.8 6967.000000000001 3380.6 0 0 0
J0700+1709 0 0 0 90.9 423.29999999999995 0 0 0
J0440+1437 181.5 0 0 7086.300000000005 4488.400000000001 229.7 0 0
J0334+0800 90.7 0 0 0 0 0 0 0
J1319-1217 242.0 0 0 0 0 0 0 0
J1509-4340 60.4 0 0 0 0 0 0 0
J2315-5018 453.6 120.9 0 0 199.90000000000003 1505.8 0 0
J0151+2517 120.9 0 0 0 0 0 0 0
J1107-4449 28071.700000000008 5775.799999999999 3695.4 64617.90000000005 14971.999999999996 772.9000000000001 0 0
J0040-0146 362.7 423.5 0 90.7 186.0 0 0 0
J2025-0735 204.9 60.5 272.09999999999997 1227.6 580.4 1576.1999999999998 1330.6 0
J0126-2222 0 544.3 0 60.6 0 0 0 0
J0252+1718 0 0 0 60.4 0 0 0 0
J0607-0834 6591.899999999998 2492.6 0 22567.0 13022.100000000002 434.1 3188.8999999999996 0
J1012+0630 1322.2000000000007 0 0 0 0 0 0 0
J0632-2614 90.8 0 0 0 0 0 0 0
J2035+1056 181.3 0 0 306.7 785.9999999999999 0 0 0
J0510+1800 69322.40000000004 8824.999999999998 3882.6000000000004 128186.89999999976 137263.49999999985 1248.0000000000002 0 0
J0013-0423 0 544.6 0 0 0 241.8 0 0
J0138-0540 211.80000000000004 0 0 0 0 0 0 0
J0121+1149 967.9 120.8 0 2635.1000000000004 3140.5 0 0 0
J1239+0730 1502.6000000000001 332.29999999999995 0 2315.9 2835.1999999999994 0 0 0
J0440-4333 362.79999999999995 0 0 0 606.8 306.4 0 0
J2328-4035 1952.6 0 0 2027.8 418.19999999999993 0 0 0
J1610-3958 7469.300000000003 2769.300000000002 0 27785.700000000026 13990.899999999998 576.7 0 0
J1008-0933 0 0 0 0 577.3000000000001 0 0 0
J1446+1721 1209.6 0 0 675.2 854.4 0 0 0
J0428-6438 1425.3000000000002 592.9999999999999 0 1439.1999999999998 0 0 0 0
J0103-6439 0 0 0 245.89999999999995 2042.3999999999996 0 0 0
J0643+0857 120.9 4265.500000000003 0 3253.5000000000005 4415.6 0 0 0
J1543-0757 121.0 0 0 0 0 0 0 0
J1700-2610 8420.199999999999 0 0 8693.300000000003 5046.999999999999 0 0 274.1
J0237+2848 13280.1 2559.7 2756.3999999999996 35609.000000000015 16146.599999999999 0 0 0
J1441-1523 0 0 0 455.29999999999995 0 0 0 0
J1425+1424 211.79999999999998 0 0 151.3 0 0 0 0
J0642+3509 0 0 0 211.7 0 0 0 0
J1619-1817 2934.0000000000005 0 0 0 0 0 0 0
J2050+0407 726.1 0 0 0 0 0 0 0
J0257-1212 5389.000000000001 0 0 2080.2000000000003 0 0 0 0
J1007-0207 362.9 0 0 0 187.6 0 0 0
J0929-3801 185.6 0 0 0 0 0 0 0
J0513-2159 0 0 0 181.5 0 0 0 0
J1751+0939 54333.200000000106 4969.999999999999 3960.6 96791.79999999989 51952.50000000002 3156.1000000000004 5464.0 167.29999999999998
J1229-6003 0 0 0 120.8 0 0 0 0
J1653+3945 60.4 0 0 0 0 0 0 0
J0658-5840 1451.2 0 0 363.09999999999997 0 0 0 0
J0152+3716 0 0 0 90.7 0 0 0 0
J2301-0158 1955.4 120.9 0 1179.2 4736.6 0 0 0
J2213-2529 1420.8999999999999 0 0 0 0 0 0 0
J0648-1744 0 0 175.20000000000002 181.4 244.9 0 0 0
J1617-1941 3453.5000000000014 0 0 0 0 0 0 0
J0327-2202 0 0 0 2286.1000000000013 0 0 0 0
J1258-2219 1901.3000000000004 0 0 0 856.8000000000006 0 0 0
J0326-3243 1864.8 0 0 5710.100000000004 0 0 0 0
J1524-5903 982.0 90.7 0 2692.4000000000005 1076.1 0 0 0
J2329-4730 0 90.8 0 0 0 0 0 0
J1604-4228 2957.200000000001 695.4 0 393.5 2438.6 0 0 0
J0431+2037 695.6 459.59999999999997 0 3596.200000000002 1038.2 0 0 0
J0416-1851 364.70000000000005 0 0 0 0 0 0 0
J2101-2933 2782.0 0 0 793.6999999999999 190.7 0 0 0
J0839+0104 151.1 181.39999999999998 0 1239.6999999999998 1663.7 520.2 0 0
J0212-1746 384.9 0 0 0 0 0 0 0
J1048+0055 0 0 0 90.8 363.1 0 0 0
J2152+1734 1209.5 0 0 0 0 0 0 0
J0433+2905 514.1999999999999 0 0 514.0999999999999 3366.4 0 0 0
J0746+2734 826.0 167.29999999999998 0 0 672.6000000000001 0 0 0
J1945-5520 1875.1999999999998 0 0 516.2 413.0 0 0 0
J0220+3241 395.4 665.3 0 320.5 120.8 0 0 0
J2339-3310 0 0 0 270.0 0 0 0 0
J0940-6107 0 0 0 965.9999999999999 0 520.4 0 0
J2217+0220 9127.100000000004 151.1 0 0 0 0 0 0
J1101-6325 0 362.8 0 90.7 0 0 0 0
