obj                B3       B4       B5       B6       B7       B8       B9      B10
J2336-5236      13.91     7.66     0.00     3.63     0.94     0.00     0.00     0.00
J1130+0846       0.00     0.00     0.00    13.10     0.00     0.00     0.00     0.00
J0106-2718      41.37     0.00     0.00     8.87     4.77     2.72     0.00     0.00
J1534+0131       6.99     2.35     0.00     0.00     0.00     0.00     0.00     0.00
J0423-0120    1283.34   255.65   255.78  2113.47  1264.77   157.74     7.56     0.00
J0224+0659      27.46     5.24     0.00    56.96    99.44    44.11    14.05     0.00
J1254-4743       2.82     0.00     0.00     0.00     0.00     0.00     0.00     0.00
J2146-7755       0.00     0.00     0.00     6.05     0.00     0.00     0.00     0.00
J1327+2210      19.62     2.82     0.00    18.03    19.03    32.66     0.00     0.00
J0441-3300       0.00     6.45     0.00     0.00     0.00     0.00     0.00     0.00
J1719+1745       2.42     0.00     0.00     0.00     0.00     0.00     0.00     0.00
J0339-0146      84.60     0.00     4.03    44.34    53.29     0.00     0.00     0.00
J1438-2204       0.00     0.00     0.00     1.21     0.00     0.00     0.00     0.00
J0529-0519     144.68     0.00     0.00    36.49     4.44     0.00     0.00     0.00
J0149+0555       2.02     0.00     0.00     9.01     0.94     0.00     0.00     0.00
J1342-2051      19.22     0.00     0.00     6.05     0.00     0.00     0.00     0.00
J2345-1555       6.45     0.00     0.00    29.55     7.96     0.00     0.00     0.00
J0606-0724       1.61     0.00     0.00     8.47     0.00     0.00     0.00     0.00
J2005-1822       2.42     0.00     0.00     7.66     0.00     0.00     0.00     0.00
J0315-1656      10.48     0.00     0.00     2.77     0.00     0.00     0.00     0.00
J0946+1017       3.63     0.00     0.00    11.29     0.00     0.00     0.00     0.00
J1755-5536       0.81     0.00     0.00     0.00     0.00     0.00     0.00     0.00
J1658-0739      14.11     0.00     0.00     0.00     0.00     0.00     0.00     0.00
J1227-4436       0.00     0.00     0.00     3.23     0.00     0.00     0.00     0.00
J1107-4449     432.29    86.28    60.24  1011.45   229.67    12.23     0.00     0.00
J0215-0222      28.83     0.00     0.00    47.04    23.40     0.00     0.00     0.00
J0440-4333       4.84     0.00     0.00     0.00     7.51     3.63     0.00     0.00
J0141-0928      27.01     5.64     2.42    14.82    16.20    68.04     0.00     0.00
J0518-6935       1.61     0.00     0.00     0.00     0.00     0.00     0.00     0.00
J2236-1433      13.10     1.41     2.02    20.21    12.49     0.00     0.00     0.00
J2216-1124       0.00     0.00     0.00     0.00     2.86     0.00     0.00     0.00
J2023-0123       0.00    10.18     3.63     0.00     0.00     0.00     0.00     0.00
J0852+2833       1.43     0.00     0.00     0.00     0.00     0.00     0.00     0.00
J0614-2536      13.17     0.00     0.00     0.00     0.00     0.00     0.00     0.00
J0702-1951       0.00     0.00     2.02    25.80     3.23     0.00     0.00     0.00
J1540+1447       3.93     1.76     0.00    37.31     7.66    27.22     0.00     0.00
J1925+2106       4.84     0.00     0.00    10.48     0.00     0.00     0.00     0.00
J2321+2732       0.00     0.00     0.00     0.71     0.00     0.00     0.00     0.00
J0057-7040       2.42     0.00     0.00     0.00     0.00     0.00     0.00     0.00
J2034+1154       2.02     0.00     0.00     0.00     0.00     0.00     0.00     0.00
J0824+3916       0.00     0.00     0.00     4.69     0.00     0.00     0.00     0.00
J1458+0416       5.29     0.00     0.00     0.00     1.06     0.00     0.00     0.00
J1711-3744       0.00     0.00     0.00    33.90     0.00     0.00     0.00     0.00
J0149+1857       4.84     0.00     0.00    14.52     0.00     0.00     0.00     0.00
J1312-0424       5.89     0.00     0.00     6.75     0.00    17.24     0.00     0.00
J0126+2559       3.33     0.00     0.00     0.00     0.00     0.00     0.00     0.00
J2324-3714       2.42     0.00     0.00     0.00     0.00     0.00     0.00     0.00
J2131-1207       6.74     0.00     0.00     9.48     2.34     0.00     0.00     0.00
J0439+3045       2.27     0.00     0.00    24.11     0.00     0.00     0.00     0.00
J2154+1727       2.82     0.00     0.00     0.00     0.00     0.00     0.00     0.00
J0402-3147       2.42     0.00     0.00     0.71     0.00     0.00     0.00     0.00
J2320+0513      25.70     5.29     0.00    16.26     7.53     0.00     0.00     0.00
J0151-1732       1.41     0.00     0.00     8.32     1.92     0.00     0.00     0.00
J1018-3123       0.00     0.00     0.00     3.43     1.61     0.00     0.00     0.00
J0816-2421       0.00     0.00     0.00     3.23     0.00     0.00     0.00     0.00
J0831+0429       0.00     0.00     0.00     2.12    10.19     0.00     0.00     0.00
J2052+1619      12.47     0.00     0.00     0.00     0.00     0.00     0.00     0.00
J1600-5811       3.93     2.12     0.00     1.41     0.00     0.00     0.00     0.00
J1155-5730       0.00     0.00     0.00     3.23     0.00     0.00     0.00     0.00
J1617-5848    1050.29   157.99    25.08   424.70   246.60     2.00     7.11     0.00
J0511-6806      26.36     0.00     0.00     3.23     0.00     0.00     0.00     0.00
J1829+3957       0.00     0.00     0.00    11.56     0.00     0.00     0.00     0.00
J1342-3240       1.61     0.00     0.00     0.00     0.00     0.00     0.00     0.00
J0303-6211      11.96     7.59     0.00    23.25    15.19    17.04     0.00     0.00
J0702-1015       0.00     0.00     0.00    17.34     0.00     0.00     0.00     0.00
J1928+0848       0.00     0.00     0.00     2.15     0.00     0.00     0.00     0.00
J1534-2243       0.00     0.00     0.00     1.21     0.00     0.00     0.00     0.00
J1450+0910       9.68    10.08     0.00     0.00    25.00     0.00     0.00     0.00
J0125-0005      42.37     2.42     0.00     8.47    44.22     0.00     0.00     0.00
J1359+0159      25.57     4.44     0.00    22.28    10.38     0.00     0.00     0.00
J1424-6807      22.92    24.53     0.00    45.73    24.63    15.46     0.00     0.00
J2308-4557       0.00     0.00     0.00     2.42     0.00     0.00     0.00     0.00
J0321-0526       4.84     0.00     0.00     0.00     0.00     0.00     0.00     0.00
J1650-5044     167.46     3.78     0.00   108.14   108.60     0.00     0.00     0.00
J1047-6217      54.63     0.00     0.00   172.01    12.57    77.62     0.00     0.00
J0004-1148       3.23     0.00     0.00    12.00     0.00     0.00     0.00     0.00
J2229-0832       9.83     0.00     0.00     5.75    50.30    18.72     0.00     4.87
J0552-4522       0.81     0.00     0.00     0.00     0.00     0.00     0.00     0.00
J0746-1555       0.00     0.00     0.00     0.00     0.00     2.72     0.00     0.00
J1124+2336       0.00    12.10     0.00     0.00     0.00     0.00     0.00     0.00
J2004-6347       0.00     0.81     0.00     2.42     0.00     0.00     0.00     0.00
J0943-0819       7.66     0.00     0.00     0.00     0.00     0.00     0.00     0.00
J1743-0350      69.38     0.00     2.42    49.20    26.34     0.00     9.14     0.00
J0359-2615       0.00     9.27     0.00     0.00     0.00     0.00     0.00     0.00
J1733-1304     737.03    47.09     7.26  1202.48   744.16    13.74    11.81     0.00
J1955+1358       7.66     0.00     0.00    92.47    21.28     0.00     0.00     0.00
J0757+0956       2.42     0.00     0.00     1.92    11.64     0.00     0.00     0.00
J1802-3940       0.00     0.00     0.00    35.80    35.84     3.63     0.00     0.00
J0411-5149      13.98     1.61     0.00     0.00     0.00     0.00     0.00     0.00
J0040-0146       4.84     5.64     0.00     1.06     2.80     0.00     0.00     0.00
J1028+0255       2.42     0.00     0.00     0.00     0.00     0.00     0.00     0.00
J2218+1520       8.60     0.00     0.00     0.00     0.00     0.00     0.00     0.00
J2348-1631       0.81     0.00     0.00    45.39   164.86     0.00     0.00     0.00
J1404-0013       0.00     0.00     0.00     0.00     1.88     0.00     0.00     0.00
J0219+0120      18.95     0.00     0.00    27.42     0.00     0.00     0.00     0.00
J1604-4441       2.02    14.70     0.00    47.17   165.56     2.72     7.26     0.00
J1000+0005     174.12     2.82     0.00    20.43     0.00     0.00     0.00     0.00
J0748-1639       0.00     0.00     0.00     0.00     3.23     0.00     0.00     0.00
J2224-1126       6.05     1.61     0.00     0.00     0.00     0.00     0.00     0.00
J2011-1546       0.00     0.81     0.00     3.21     0.00     0.00     0.00     0.00
J0329-2357       0.81     2.82     2.42    46.47    56.92     8.62     0.00     0.00
J1006-5018       0.00     0.00     0.00     5.38     2.82     0.00     0.00     0.00
J0737-1534      19.56     0.00     0.00     0.00     0.00     0.00     0.00     0.00
J0340-0254       2.47     0.00     0.00     0.00     0.00     0.00     0.00     0.00
J2306-0459       3.23     0.00     0.00     2.35     0.00     0.00     0.00     0.00
J1038+0512      21.37     4.03     0.00     1.21     6.12     0.00     0.00     0.00
J1330+2509       0.81     0.00     0.00     4.03     0.00     0.00     0.00     0.00
J0700+1709       0.00     0.00     0.00     1.21     5.64     0.00     0.00     0.00
J1230+1223       7.26     0.00     0.00     0.00    29.25     0.00    21.00     0.00
J2358+1955       4.84     0.00     0.00     0.00     0.00     0.00     0.00     0.00
J0317-2803      35.11     0.00     0.00     3.65     0.00     0.00     0.00     0.00
J0216-1017       0.81     0.00     0.00     0.00     0.00     0.00     0.00     0.00
J2203-6130       4.84     0.00     0.00     0.00     0.00     0.00     0.00     0.00
J2223-3137       8.06     0.00     0.00    24.60     0.00     0.00     0.00     0.00
J0506-6109      28.59     0.00     0.00     3.63     9.37     0.00     0.00     0.00
J1740+2211       0.81     0.00     0.00     0.00     0.00     0.00     0.00     0.00
J1239+0730      18.70     5.17     0.00    27.25    41.30     0.00     0.00     0.00
J1336-3357       0.00     0.00     0.00    50.26     0.00     0.00     0.00     0.00
J0438+2153       2.42     0.00     0.00     0.00     0.00     0.00     0.00     0.00
J1907+0127       9.48     0.00     0.00    14.52     0.00     0.00     0.00     0.00
J0701-4634      54.85     0.00     0.00    52.86    39.00     0.00     0.00     0.00
J1118+1234      71.16     0.00     0.00    23.74    10.11     0.00     0.00     0.00
J1354-1041       0.00     0.00     0.00    20.41     0.00     0.00     0.00     0.00
J1155-8101       0.81     0.00     0.00     0.00     0.00     0.00     0.00     0.00
J0040+0125       8.06     0.00     0.00     4.03     3.29     0.00     0.00     0.00
J2056-5820      21.10     0.00     0.00    12.50     3.23     0.00     0.00     0.00
J1956-3225       0.00     0.00     0.00     1.21     0.00     0.00     0.00     0.00
J0836+2728       0.72     0.00     0.00     0.00     0.00     0.00     0.00     0.00
J0601-7036     115.36     0.00     2.42   420.18    10.24    25.33     5.00     0.00
J1121-0553       0.00     0.00     7.41     0.71     0.00     8.06     0.00     0.00
J1742-1517       0.00     0.00     0.00     6.55    18.68     0.00     0.00     0.00
J0116-2052      16.93     0.00     0.00     0.00     0.00     0.00     0.00     0.00
J1658+0741       1.41     0.00     0.00     0.00     0.00     2.72     0.00     0.00
J0846-2607       8.87     0.00     0.00     0.00     2.42     0.00     0.00     0.00
J1107-6820       4.84     0.00     0.00     0.00     0.00     0.00     0.00     0.00
J0927-2034       6.85     4.23     0.00    29.43     0.00     0.00     0.00     0.00
J0418+3801       3.23     0.00     0.00     6.45     2.82     0.00     0.00     0.00
J1700-2610     123.57     0.00     0.00   123.33    59.10     0.00     0.00     3.96
J2226+0052      85.88    12.10     0.00   125.34    34.27    40.22     0.00     0.00
J1651+0129       6.45     1.61     0.00    52.42    45.16     0.00     0.00     0.00
J0811-4929       0.94     1.41     0.00    22.63     0.00    10.89     0.00     0.00
J1510-0543       0.00     0.00     0.00     2.12     0.00     0.00     0.00     0.00
J1001+2911       3.63     0.00     0.00     0.00     0.00     0.00     0.00     0.00
J0725-0054     182.52    29.43     0.00   207.39   317.89    15.10     0.00     0.00
J2304+2331       0.00     5.64     0.00     0.00     0.00     0.00     0.00     0.00
J0547+1223       3.63     1.61     0.00     0.00     2.62     0.00     0.00     0.00
J0133-5200       0.00     0.00     0.00     2.82     1.63     0.00     0.00     0.00
J0502+1338       1.04     1.06     0.00     3.68     0.00     0.00     0.00     0.00
J1303-5540       2.42     0.00     0.00     2.82    22.09     0.00     0.00     0.00
J1641+2257       0.00     0.00     0.00     1.24     0.00     0.00     0.00     0.00
J2300+1655      14.52     0.00     0.00     4.84     4.23     0.00     0.00     0.00
J2114+2832       0.00    27.42     0.00     5.91     0.00     0.00     0.00     0.00
J0336-1302       0.00     5.64     0.00    22.98     0.00     0.00     0.00     0.00
J0613+2604       0.00     0.00     0.00     3.23    12.50     0.00     0.00     0.00
J1603-4904      59.47     0.00     0.00    49.59     0.00     0.00     0.00     0.00
J1751-1950      33.56    29.70     0.00     2.22     8.57     0.00     0.00     0.00
J0427+0457      12.10     7.06     0.00     7.06     0.00     0.00     0.00     0.00
J0654-1053       0.71     0.71     0.00     5.97     9.74     0.00     0.00     0.00
J2316+1618       0.00    10.01     0.00    10.15     0.00     0.00     0.00     0.00
J1747-5310       0.00     8.06     0.00     0.00     0.00     0.00     0.00     0.00
J0349-4858       0.00     0.00     0.00     4.84     0.00     0.00     0.00     0.00
J0108+0135      56.83    20.56     2.02    40.32   170.10     6.53     0.00     0.00
J1252-6737       1.21     0.00     0.00     5.64     0.00     0.00     0.00     0.00
J1407-4302       0.00     0.00     0.00    10.48     7.46     0.00     0.00     0.00
J1038-4325      27.42     0.00     0.00     0.00     0.00     0.00     0.00     0.00
J0531-4827      14.52     2.02     0.00     5.64    48.87     0.00     0.00     0.00
J1457-3539       7.48    13.53     5.64    11.29     0.00     0.00     0.00     0.00
J1832-2039     149.01    49.59     5.64   214.63   168.34     4.54     0.00     0.00
J1042-4143      12.10     0.00     0.00    61.32     0.00     0.00     0.00     0.00
J0542-0913     132.69    26.88     0.00    91.71    54.40     0.00    88.70     0.00
J2025+3343      67.13    34.57     0.00    89.88     0.00     0.00     0.00     0.00
J0916+3854       0.00     0.00     5.24     8.87     4.84     0.00     0.00     0.00
J1744-5144       0.00     0.00     0.00     1.21     0.00     0.00     0.00     0.00
J0209-0438      41.40     0.00     0.00     0.00     0.00     0.00     0.00     0.00
J0648-1744       0.00     0.00     0.71     2.42     3.48     0.00     0.00     0.00
J1209-2406       0.94     0.00     0.00     0.94    12.90     0.00     0.00     0.00
J0608-5456       7.26     1.21     0.00     6.59     1.06     0.00     0.00     0.00
J2316-4337       7.26     0.00     0.00     0.00     0.00     0.00     0.00     0.00
J1112-5703       0.00     0.00     0.00     4.44     0.00     0.00     0.00     0.00
J0334+0800       1.06     0.00     0.00     0.00     0.00     0.00     0.00     0.00
J1531-5108      22.18     0.00     0.00    19.76     4.03     0.00     0.00     0.00
J1214-1921       8.47     0.00     0.00     0.00     0.00     0.00     0.00     0.00
J1636-4102      11.69     0.00     0.00    23.40    40.30     0.00     0.00     0.00
J1834-0301       2.47     0.00     0.00    29.48     0.00     0.00     0.00     0.00
J1336-0829       0.00     0.00     0.00    11.29    26.35     0.00     0.00     0.00
J0059+0006       0.00     2.42     0.00     1.61     0.00     0.00     0.00     0.00
J2015+3710       0.00     0.00     0.00    18.45     5.19     0.00     0.00     0.00
J1104-2431       0.81     0.00     0.00    27.22     2.02     0.00     0.00     0.00
J0056-4451       2.02     2.02     0.00     0.00     0.00     0.00     0.00     0.00
J1024+1912       7.26     0.00     0.00    20.16     0.00     0.00     0.00     0.00
J1640-3727       0.00     0.00     0.00     7.48     0.00     0.00     0.00     0.00
J1624-3213       0.00     0.00     0.00     3.12     0.00     0.00     0.00     0.00
J0102-7546      32.56     0.00     0.00    65.32     0.00   111.65     0.00     0.00
J0152+2207      20.16     0.00     0.00     3.23   167.58     0.00     0.00     0.00
J1728+0427       0.00     0.00     0.00     2.82     0.00     4.54    17.54     0.00
J2353-3037       0.00     0.00     0.00   159.46    44.37     0.00     0.00     0.00
J0815+3635       5.04     0.00     0.00     4.44     0.00     0.00     0.00     0.00
J0532+0732      34.66     2.02     0.00   219.91    12.43     0.00     0.00     0.00
J0407-1211      21.97    14.62     1.06     2.02     0.00     2.92     0.00     0.00
J2139-4235       0.00     0.00     0.00     3.63     0.00     0.00     0.00     0.00
J1316-3338      47.17     0.00     0.00   147.50    58.26    16.93     0.00     0.00
J1339-2620       2.82     0.00     0.00     2.82     0.00     0.00     0.00     0.00
J2239-5701      20.16     0.00     0.00     3.23     7.26     0.00     0.00     0.00
J1410+0203      43.92    14.82    20.46    94.92    36.07    20.28     0.00     0.00
J0030-4224      15.19     4.03     0.00     6.08     2.35     0.00     0.00     0.00
J2024-3253       0.00     0.00     0.00     0.81     0.00     0.00     0.00     0.00
J1717-3342     384.15    10.89     0.00   179.32   117.12     0.00    10.26     0.00
J0326-3243      25.82     0.00     0.00    68.23     0.00     0.00     0.00     0.00
J0428-6438      17.64     7.46     0.00    18.14     0.00     0.00     0.00     0.00
J1335-0511       0.00     5.64     0.00     0.00     0.00     0.00     0.00     0.00
J1827-0405       5.64     0.00     0.00     5.64     0.00     0.00     0.00     0.00
J0143-3200       2.72     0.00     0.00    12.92    63.93     0.00     0.00     0.00
J1126-3828       6.85     0.00     0.00    26.21     0.00     0.00     0.00     0.00
J0604+2429      30.46     0.00     0.00     0.00     0.00     0.00     0.00     0.00
J0112+3522       0.00     0.00     0.00    18.55     0.00     0.00     0.00     0.00
J1024-3234       4.03     0.00     0.00     0.00     0.00     0.00     0.00     0.00
J1352-4412       4.20     0.00     0.00     4.84     0.00     0.00     0.00     0.00
J1321-2636       0.00     0.00     0.00    12.10     0.00     0.00     0.00     0.00
J0449-0057       2.42     0.00     0.00     0.00     0.00     0.00     0.00     0.00
J2109+3532       0.00     0.00     0.00     3.23     0.00     0.00     0.00     0.00
J0603+1742      21.65     0.00     0.00     0.00     0.00     0.00     0.00     0.00
J1833-2103       5.24     0.00     0.00    16.03    38.23    27.01    14.92     0.00
J1922+1530     122.09     0.00     0.00    57.81     8.47     1.81     0.00     0.00
J0112-6634       7.26     0.00     0.00     2.82    25.80     0.00     0.00     0.00
J1537+2300      12.50     6.05     0.00     6.45     0.00     0.00     0.00     0.00
J2023+3153       0.00     0.00     0.00     4.84     0.00     0.00     0.00     0.00
J1007+1356       7.86     5.88     0.00     1.41     0.00     0.00     0.00     0.00
J0058-3234       1.06     2.42     0.00     4.94     2.35     0.00     0.00     0.00
J1130-1449      56.66    18.55     0.00     7.59     9.17     0.00     0.00     0.00
J1908+1201       0.00     0.00     0.00     1.61     0.00     0.00     0.00     0.00
J1122+1805       0.00     0.00     0.00     1.21     0.00     0.00     0.00     0.00
J2147+0929       1.21     0.00     0.00    13.91     0.00     0.00     0.00     0.00
J0559-1817       0.00     0.00     0.00     6.45     0.00     0.00     0.00     0.00
J2206-0031       7.66     0.00     0.00     0.00    35.23    13.61     0.00     0.00
J1743-3058       2.42     0.00     0.00     0.00    24.31     0.00     0.00     0.00
J0541-0541      57.92    20.61     0.00   151.90   204.29     0.00     0.00     0.00
J0849-3541       0.00     0.00     0.00    12.10     0.00     0.00     0.00     0.00
J0519-4546     884.57   185.93    24.80   813.71   842.46    37.38     5.18     0.00
J2346+0930       1.06    57.46     0.00    13.71     0.00     0.00     0.00     0.00
J0304+3348       8.94     0.00     0.00     0.00     0.00     0.00     0.00     0.00
J0631+2020       3.63     0.00     0.00    13.96     2.62     0.00     0.00     0.00
J1107-3043       2.42     0.00     0.00    18.14     2.02     0.00     0.00     0.00
J0151+2744       6.75     0.00     0.00     0.00     0.00     0.00     0.00     0.00
J1406-0707       4.84     0.00     0.00     0.00     0.00     0.00     0.00     0.00
J0243-0550      16.13    10.48     0.00    12.50    16.40     0.00     0.00     0.00
J2056-4714     613.02   124.00   135.44   835.97   350.48    21.17    14.38     0.00
J0019+2021      11.29     7.26     0.00    22.98     5.64     0.00     0.00     0.00
J1625-2527     222.04    17.04     7.66   362.87   247.67    14.12     0.00     0.00
J2329-4730       0.00     1.21     0.00     0.00     0.00     0.00     0.00     0.00
J1642+3948       0.00     0.00     0.00    12.23     0.00     0.00     0.00     0.00
J0825+0309      21.69    17.51     0.00    46.34    41.42     0.00     0.00     0.00
J1633-2557      54.40     0.00     3.63   142.97     0.00     0.00     0.00     0.00
J0845+0439      13.36    13.56     0.00    17.82     0.00     0.00     0.00     0.00
J0526-6749      45.58     6.59     0.00     4.84     0.00     0.00     0.00     0.00
J0840+1312       7.61     0.00     0.00     7.96     0.00     0.00     0.00     0.00
J0201-1132       1.61     0.00     0.00     0.00     0.00     0.00     0.00     0.00
J0552+1913       2.42     0.00     0.00     2.42     0.00     0.00     0.00     0.00
J2000-1325      12.50     0.00     0.00     2.82     2.12     0.00     0.00     0.00
J1952+2526      35.68    14.52     9.27    14.92     0.00     0.00     0.00     0.00
J0519+2744       6.59     0.00     0.00     2.94     0.00     0.00     0.00     0.00
J0745+1011       2.42     0.00     0.00     0.00     0.00     0.00     0.00     0.00
J0919-5340       0.00     0.00     0.00     2.15     0.00     0.00     0.00     0.00
J1136-6827       0.00     0.00     0.00     0.81     0.81     0.00     0.00     0.00
J0847-0703       4.23     0.00     0.00     0.00     0.00     0.00     0.00     0.00
J1939-1525       4.84     0.00     0.00     6.05     2.12     0.00     0.00     0.00
J1822+1600       0.00     0.00     0.00     0.00     2.82     0.00     0.00     0.00
J2236-0406       5.31     0.00     0.00     0.00     0.00     0.00     0.00     0.00
J0103-6439       0.00     0.00     0.00     2.42    19.29     0.00     0.00     0.00
J2126-4605       0.00     0.00     0.00     0.00     2.82     0.00     0.00     0.00
J0202-1948       0.00     0.00     0.00    39.77     0.00     0.00     0.00     0.00
J0153-3310       0.00     0.00     0.00     1.06     0.00     0.00     0.00     0.00
J1449-0045       3.29     3.23     0.00     0.00     0.00     0.00     0.00     0.00
J1058-8003       9.68     4.84     0.00   133.07   113.35     0.00     0.00     0.00
J1208-7809      39.78     0.00     0.00     9.27     0.00     0.00     0.00     0.00
J1522-2730       0.00     0.00     0.00     2.42     0.00     0.00     0.00     0.00
J1146+3958       0.72     0.94     0.00     1.41     0.00     0.00     0.00     0.00
J1146-2859      14.92     0.00     0.00     9.68     4.59     5.75     0.00     0.00
J1102+2757       3.23     0.00     0.00    23.05     0.00     0.00     0.00     0.00
J0552+0313     131.38     0.00     0.00    63.30    69.05     0.00     0.00     0.00
J1011-0423       4.84     0.00     0.00     4.03     0.00     0.00     0.00     0.00
J1626-2951      20.08    15.72     0.00    43.74   271.91     0.00    32.16     0.00
J2315-5018       6.05     1.61     0.00     0.00     2.02    18.14     0.00     0.00
J2323-0317      30.13    26.12     0.00    51.22    52.63     0.00     0.00     0.00
J0115-0127       2.42     0.00     0.00     0.00     0.00     0.00     0.00     0.00
J0116-1136       2.47     0.00     0.00     7.72     7.26     0.00     0.00     0.00
J1330-3122      35.08     0.00     0.00     0.00     9.68     0.00     0.00     0.00
J1937+0734       0.00     0.00     0.00    78.53     0.00     0.00     0.00     0.00
J1911-2006       9.27     2.42     0.00    50.25    95.66     0.00     0.00     0.00
J0429+2724       0.00     0.00     0.00     3.23     0.00     0.00     0.00     0.00
J1708+0035       0.00     0.00     0.00     3.23     0.00     0.00     0.00     0.00
J1342-2900     133.45    16.93     0.00    55.43    46.80     0.00     0.00     0.00
J0426+2327     119.74    10.58     0.00   200.31    50.70     0.00     0.00     0.00
J0550+2326       0.00     0.00     0.00     2.82     0.00     0.00     0.00     0.00
J0837+2454       9.95     2.82     0.00     0.00     0.00     0.00     0.00     0.00
J1329-5608      14.92     0.00     0.00    25.89    41.69     0.00     5.95     0.00
J0051-0650       0.00     0.00     0.00     5.01     1.76     0.00     0.00     0.00
J0501-0159      50.79     0.71     0.00   103.36    23.38     6.53     0.00     0.00
J0118-2141       0.00     0.00     0.00     5.64     0.00    14.78     0.00     0.00
J1556-3302       5.80     0.00     0.00     0.00     0.00     0.00     0.00     0.00
J0525-2338       0.00     0.00     0.00     1.21     0.00     0.00     0.00     0.00
J1246-2547      10.34     0.00     0.00    11.42     9.88     0.00     0.00     0.00
J1914+1636       0.00     0.00     0.00     5.75     0.00     0.00     0.00     0.00
J1717-5155       0.00     0.00     0.00     0.00     2.82     0.00     0.00     0.00
J1159-2142       6.45     0.00     0.00     0.00     0.00     0.00     0.00     0.00
J1032-5917       7.69     1.41     0.00    27.46    17.54     0.00     0.00     0.00
J0642+3509       0.00     0.00     0.00     2.82     0.00     0.00     0.00     0.00
J0050-0452       4.03     0.00     0.00    15.42     2.96     0.00     0.00     0.00
J0010+1058       2.02    11.69     0.00    10.99     5.64     0.00     0.00     0.00
J1019-6047       0.00     0.00     0.00     0.00     9.74     0.00     0.00     0.00
J1744-3116     279.23    16.83    18.35   749.36   252.05     5.90     0.00     0.00
J1454-3747       0.81     5.29     0.00    12.90     0.00    13.10     0.00     0.00
J1303+2433      29.36     1.41     0.00    33.06     0.00     0.00     0.00     0.00
J2139+1423      19.03     0.00     0.00     0.94     0.00     0.00     0.00     0.00
J0940+2603       4.49     0.00     0.00     0.00     0.00     0.00     0.00     0.00
J2052-5533       8.67     0.00     0.00     0.00     0.00     0.00     0.00     0.00
J0845-5458      17.66     0.00     0.00    18.42     0.00     0.00    11.79     0.00
J2123+0535       2.97     0.00     0.00     2.82     0.00     0.00     0.00     0.00
J2047-0246       1.61     0.00     0.00     0.00     0.00     0.00     0.00     0.00
J2222+1213      17.34     0.00     2.12     1.76     3.04     0.00     0.00     0.00
J0547+2721       2.82     0.00     0.00     6.72     6.45     0.00     0.00     0.00
J0209+1352       1.21     0.00     0.00     0.00     0.00     0.00     0.00     0.00
J1103+3014       0.00     0.00     0.00     2.42     0.00     0.00     0.00     0.00
J0315-1031       0.00     0.00     0.00    17.56     0.00     0.00     0.00     0.00
J0231+1322       1.61     0.00     0.00     0.00     2.35     0.00     0.00     0.00
J0117+1418      15.52     0.00     0.00     7.66     1.61     0.00     0.00     0.00
J2216-1122       0.00     0.00     0.00     0.00     2.86     0.00     0.00     0.00
J1406-0848       3.53     0.00     0.00     0.00     0.00     0.00     0.00     0.00
J0956+2515       6.45     0.00     0.00     9.17     6.60     0.00     0.00     0.00
J0115-2804       7.66     3.63     0.00     0.00     0.00     0.00     0.00     0.00
J1130+3031       2.02     0.00     0.00     0.00     0.00     0.00     0.00     0.00
J0539-2839       0.00     0.00     0.00     2.02     0.00     0.00     0.00     0.00
J1812-0648       0.00     0.00     0.00     2.82     0.00     0.00     0.00     0.00
J1545+2006       1.06     0.00     0.00     0.00     0.00     0.00     0.00     0.00
J1148-7819       0.00     0.00     0.00    22.58     0.00     0.00     0.00     0.00
J1550-8258       4.84     0.00     0.00     0.00     0.00     0.00     0.00     0.00
J0933-1139       2.42     0.00     0.00     3.23     0.00     0.00     0.00     0.00
J1310+3220       0.00     0.00     0.00     5.17     0.00     0.00     0.00     0.00
J0011-2612       4.30     0.00     0.00    26.34     0.00     0.00     0.00     0.00
J2120+0533       7.26     0.00     0.00     0.00     0.00     0.00     0.00     0.00
J2050+0407       9.68     0.00     0.00     0.00     0.00     0.00     0.00     0.00
J2331-1556       0.00     0.00     0.00    13.31     9.98     0.00     0.00     0.00
J1222+0413      17.89    10.08     0.00    34.47     9.86    13.41     0.00     0.00
J1037-2934     786.99   201.53    84.33   726.34   530.22    59.27     9.33     0.00
J0516-7237       1.61     0.00     0.00     7.49     0.00     0.00     0.00     0.00
J0103+1526       0.00     0.00     0.00    11.83     0.00     0.00     0.00     0.00
J0818+0517       3.53     0.00     0.00     0.00     0.00     0.00     0.00     0.00
J1453+2648       4.03     2.42     0.00    18.14     6.18     0.00     0.00     0.00
J1912-0804       4.84     0.00     0.00    79.03     0.00     0.00     0.00     0.00
J0319+4130       0.00     0.00     3.23    15.15     0.00     0.00     0.00     0.00
J1825-1718      17.34     0.00     0.00    41.08     0.00     0.00     0.00     0.00
J2200+1030       4.84     0.00     0.00     1.41     0.00     0.00     0.00     0.00
J0731-2341       0.00     0.00     0.00     0.81     0.00     0.00     0.00     0.00
J0409+1217       4.03     1.21     0.00    39.51     0.00     0.00     0.00     0.00
J0607-6031      10.15     2.02     0.00     4.84     2.47     0.00     0.00     0.00
J1036-3744      18.38     0.00     0.00    51.48     5.55     0.00     0.00     0.00
J1159-0940       0.00     0.00     0.00    18.01     0.00     0.00     0.00     0.00
J0104-2416       0.81     2.02     0.00     0.00     0.00     0.00     0.00     0.00
J1753+2848       0.00     1.06     0.00     0.00     0.71     0.00     0.00     0.00
J1730+0024       6.85     2.02     9.68     6.45     4.84     0.00     0.00     0.00
J2257+0743       3.23     0.00     0.00    29.84     0.00     0.00     0.00     0.00
J2035+1056       2.82     0.00     0.00     3.23     8.47     0.00     0.00     0.00
J0808-0751       5.98     0.00     0.00     9.91     0.00     0.00     0.00     0.00
J2236+2828      16.53     3.23     0.00    19.29     3.29     0.00     0.00     0.00
J0529-2515       6.45     0.00     0.00     2.82     0.00     0.00     0.00     0.00
J1215+1654      33.77     2.02     0.00    95.46    10.58     0.00     0.00     0.00
J1215-1731      28.63     8.47     0.00    57.39    30.96     0.00     0.00     0.00
J0126-2222       0.00     7.26     0.00     0.71     0.00     0.00     0.00     0.00
J0653-0625       0.00     0.00     0.00     1.61     0.00     0.00     0.00     0.00
J2230-4416      15.32     0.00     0.00    58.98    12.70    35.00     0.00     0.00
J0644+3914       2.42     0.00     0.00     0.00     0.00     0.00     0.00     0.00
J0213-0719      18.55     2.42     0.00     0.00     0.00     0.00     0.00     0.00
J0252+1718       0.00     0.00     0.00     0.71     0.00     0.00     0.00     0.00
J1246-0730       1.06     2.42     0.00    37.09     1.41     0.00     0.00     0.00
J2336-4115      15.05     0.00     0.00     0.00     0.00     0.00     0.00     0.00
J1205-2634       0.00     0.00     0.00     5.64     0.00     0.00     0.00     0.00
J1820-2528       9.27     0.00     0.00    23.39     0.00     0.00     0.00     0.00
J0204+1514       9.37     0.00     0.00     1.21     0.00     0.00     0.00     0.00
J1045+1735       0.71     0.00     0.00     4.33     1.61     0.00     0.00     0.00
J1145-6954       7.06     0.00     0.00    89.63    12.23     0.00     0.00     0.00
J1132-5606       7.31     0.00     2.02    34.89     6.45     0.00     0.00     0.00
J2134-0153      71.34    22.68    11.29    54.55    20.00     0.00    13.36     0.00
J1332+0200      26.46     6.22     0.00    23.39    26.49     9.52     0.00     0.00
J2049-4020       6.45     0.00     0.00     0.00     0.00     0.00     0.00     0.00
J2253+3236       8.47     0.00     0.00     0.00     0.00     0.00     0.00     0.00
J1532-1319       0.00     0.00     0.00     4.64     3.23     0.00     0.00     0.00
J1653-1551      43.24     0.00     0.00    30.64     0.00     0.00     0.00     0.00
J1804+0101       2.02     0.00     0.00     0.00     0.00     0.00     0.00     0.00
J1846-0651       2.96     0.00     0.00     0.00     0.00     0.00     0.00     0.00
J1604-2223       0.00     0.00     0.00     6.12     0.00     0.00     0.00     0.00
J0211+1051       7.59     0.00     0.00     1.41     1.41     0.00     0.00     0.00
J2335-0131      11.42     4.23     0.00    34.83     0.00     0.00     0.00     0.00
J0825-3218       9.68     0.00     0.00     0.00     0.00     0.00     0.00     0.00
J0155+2230       6.45     0.00     0.00     0.00     0.00     0.00     0.00     0.00
J1432-1801       2.42     0.00     0.00     0.00     5.61     0.00     0.00     0.00
J1629-1720       2.02     0.00     0.00     3.29     0.00    19.96     0.00     0.00
J1557-0001      20.36     0.00    11.09    25.44     0.00     0.00     0.00     0.00
J0049+0237       8.47    13.15     0.00     0.00     3.29     0.00     0.00     0.00
J1452-1319       0.00     0.00     0.00     0.00     2.82     0.00     0.00     0.00
J0037+1109      27.32     8.06     0.00     1.61     0.00     0.00     0.00     0.00
J1733-7935       2.82     0.00     0.00     0.00     0.00     0.00     0.00     0.00
J2027-4726       0.00     0.94     0.00     0.00     0.00     0.00     0.00     0.00
J1315-5334      29.23     0.00     0.00     4.03     0.00     0.00     0.00     0.00
J1745-0753       4.44     0.00     0.00     0.00     0.00     0.00     0.00     0.00
J0045-3705      55.69     1.21     0.00    22.77     0.00     0.00     0.00     0.00
J1146-2447       4.17     8.47     0.00     0.00     0.00     0.00     0.00     0.00
J0336+3218      54.84    19.08    12.90   285.50   117.47     0.00     0.00     0.00
J1337-2951      66.58     0.00     0.00     0.00     0.00     0.00     0.00     0.00
J0253-5441       0.00     0.00     0.00    19.39    18.38   151.70     0.00     0.00
J0050-0929       2.42     0.00     0.00     2.62     0.00     0.00     0.00     0.00
J1038-5311       0.00     0.00     0.00     0.00     9.74     0.00     0.00     0.00
J0245-4459       0.00     0.00     0.00     0.00     1.06     0.00     0.00     0.00
J0152+3716       0.00     0.00     0.00     1.21     0.00     0.00     0.00     0.00
J2343+2339       9.27     0.00     0.00    12.50     0.00     0.00     0.00     0.00
J0929-3801       2.15     0.00     0.00     0.00     0.00     0.00     0.00     0.00
J0126-0120       0.00     0.00     0.00     0.00    12.24     0.00     0.00     0.00
J2025-0735       1.06     0.71     3.63    14.41     6.47    16.93    21.07     0.00
J0200+0322       0.81     0.00     0.00     0.00    10.24     0.00     0.00     0.00
J2151-3027       2.67     0.00     0.00    14.52     0.71     0.00     6.82     0.00
J0918-0628       3.53     0.00     0.00     0.00     0.00     0.00     0.00     0.00
J1603+1105      13.17     0.00     0.00     0.00     0.00     0.00     0.00     0.00
J0040-4253       0.81     0.00     0.00     0.00     0.00     0.00     0.00     0.00
J2157-6941      45.36     0.00     0.00     0.00     7.39     0.00     0.00     0.00
J0942-0759       0.00     0.00     0.00     7.26     6.40     0.00     0.00     0.00
J1002+1216      14.78    40.52     9.17    91.39    33.16     0.00     0.00     0.00
J1224+0330       4.84     8.47     0.00    20.41    16.80     0.00     0.00     0.00
J0510+1800    1081.52   131.95    63.30  1981.78  2143.23    18.35     0.00     0.00
J2057-0719      55.96     3.63     0.00     1.61     4.84     0.00     0.00     0.00
J0117-2111      12.10     0.00     0.00     2.15     0.00     0.00     0.00     0.00
J1946-5812       0.00     0.00     0.00    27.97     0.00     0.00     0.00     0.00
J1549+0237       4.70     0.00     0.00     8.60     2.82     4.08     0.00     0.00
J0202-0559       6.05     0.00     0.00     1.21     0.00     0.00     0.00     0.00
J2213-2529      18.95     0.00     0.00     0.00     0.00     0.00     0.00     0.00
J1924+1540      69.61     0.00     0.00    60.58     0.00     0.00     0.00     0.00
J1550+0527    1003.79   269.77   170.76   245.87    97.22     0.00    56.71     0.00
J0327-1803       0.00     0.00     2.42     8.47     0.00     0.00     0.00     0.00
J0532-0307      43.55     3.63     0.00    42.60     8.47     0.00     0.00     0.00
J1514+0252      11.29     0.00     0.00     0.00     0.00     0.00     0.00     0.00
J1325-4301       9.88     0.00     0.00     9.41     5.89     0.00    19.12     0.00
J0635-7516     557.34    39.97    15.07   685.38   209.84     0.00     0.00     0.00
J1755-2232       1.61     0.00     0.00    46.27     0.00     0.00     0.00     0.00
J2243-0609       0.00     0.00     0.00    14.11     0.00     0.00     0.00     0.00
J1903-6749       0.00     0.00     0.00     7.26     0.00     0.00     0.00     0.00
J0907-0042      32.73     0.00     0.00     0.00     0.00     0.00     0.00     0.00
J1337-1257     561.68   103.49    59.72   968.23   992.65    72.64    15.76     0.00
J1147-0724       0.00     4.03     7.26    15.27     8.57     0.00     0.00     0.00
J1015+1227       3.53     0.00     0.00     0.00     0.00     0.00     0.00     0.00
J1923-2104       0.00     0.00     0.00     4.84     0.00     0.00     0.00     0.00
J0700-6610      32.30     0.00     0.00    37.50     0.00     0.00     0.00     0.00
J1108+0811       0.00     0.00     0.00    15.32     0.00     0.00     0.00     0.00
J1349-3056      16.93     0.00     0.00     0.00     0.00     0.00     0.00     0.00
J1319-0049      21.17     8.06     0.00    39.51     9.94     0.00     0.00     0.00
J1145+0455       0.00     0.00     0.00     3.09     0.00     0.00     0.00     0.00
J0901-0037       9.68     0.00     0.00     0.00     0.00     0.00     0.00     0.00
J2235-4835       0.00     0.00     0.00     1.09    24.03     5.24     0.00     0.00
J1832-1035      46.97     0.00     0.00   110.60    16.93     0.00     0.00     0.00
J1824+0119       2.82     0.00     0.00    29.03     0.00     0.00     0.00     0.00
J1239-1023       2.42     0.00     0.00     1.21     0.00     0.00     0.00     0.00
J0334-4008    1146.36   394.03    89.74  1082.48   480.84    16.76   128.13     0.00
J2253+1608     517.12   124.61    24.53   742.87   748.40   565.20   101.63     7.49
J1101-6325       0.00     5.64     0.00     1.21     0.00     0.00     0.00     0.00
J1048-1909       2.82     0.00     0.00     5.24    37.44     0.00     0.00     0.00
J1225+1253     138.30    13.44     0.00    17.88     0.00     0.00     0.00     0.00
J0921-2618       0.00     0.00     0.00     0.00     1.61     0.00     0.00     0.00
J0422+3058       4.54     0.00     0.00     2.19     0.87     0.00     0.00     0.00
J2248-3235       4.03     3.63     0.00    59.60     8.82     0.00     0.00     0.00
J1728+1215       1.61     0.00     0.00     0.00     0.00     0.00     0.00     0.00
J1333+2725       8.97     6.99     0.00    14.21     0.00     0.00     0.00     0.00
J1427-3305      10.01     0.00     0.00     0.00     0.00     0.00     0.00     0.00
J1353+1435       2.29     2.82     0.00     0.00     2.82     0.00     0.00     0.00
J1512-0905      10.08     0.00     0.00     0.00     0.00     0.00     0.00     0.00
J0441-5154       6.05     4.74     4.88     6.45     0.00     0.00     0.00     0.00
J1534-3526      18.40     0.00     0.00    93.27    51.19     0.00     0.00     0.00
J0112+3208       0.00     0.00     0.00    55.64     0.00     0.00     0.00     0.00
J0022+0608       0.00     0.00     0.00    13.56     0.00     0.00     0.00     0.00
J1703-6212       1.21     0.00     0.00    14.92     8.57     0.00     0.00     0.00
J2354-1513       1.06     0.00     0.00     0.00     0.00     0.00     0.00     0.00
J2241+0953       1.21     0.00     0.00     0.00     0.00     0.00     0.00     0.00
J1215+3448       0.00     0.00     0.00    18.82     0.00     0.00     0.00     0.00
J2130+1643       0.00     0.00     0.00     2.82     0.00     0.00     0.00     0.00
J0138-0540       2.82     0.00     0.00     0.00     0.00     0.00     0.00     0.00
J1007-3333       2.12     2.12     0.00     2.02     0.00     0.00     0.00     0.00
J1230+2518       3.23     0.00     0.00    14.46     0.00     0.00     0.00     0.00
J0357+2319       0.00     0.00     0.00    22.58     0.00     0.00     0.00     0.00
J2208-6325      26.34     0.00     0.00     0.00     0.00     0.00     0.00     0.00
J1103-3251      53.38    27.48     0.00    12.90    42.20     0.00     0.00     0.00
J0145-2733      13.71     0.00     0.00     6.45     0.00     0.00     0.00     0.00
J1059-1134       0.00     0.00     0.00     4.97     0.00     0.00     0.00     0.00
J0830+2410       0.81     0.00     0.00     2.82    16.93     0.00     0.00     0.00
J1617-1941      31.94     0.00     0.00     0.00     0.00     0.00     0.00     0.00
J1326-5256       0.00     0.00     3.63    22.98    11.29     3.23     0.00     0.00
J0513-2159       0.00     0.00     0.00     2.42     0.00     0.00     0.00     0.00
J1424-4913       0.00     0.00     3.23     0.00     0.00     5.29     0.00     0.00
J2057-3734       0.00     0.00     0.00     6.08     0.00     0.00     0.00     0.00
J1150-0023      12.90     0.00     0.00     9.61     9.41     0.00     0.00     0.00
J2000-1748     196.66    14.62    70.09   350.15    34.45     0.00     0.00     0.00
J0112+2244       0.00     0.00     0.00     1.61     0.00     0.00     0.00     0.00
J0743-5619       7.26     0.00     0.00     0.00     0.00     0.00     0.00     0.00
J2327+0940       0.00     0.00     0.00     8.22     0.81     0.00     0.00     0.00
J0440-6952      14.04     0.00     0.00   109.77    16.68     0.00     0.00     0.00
J1426-0215       2.42     0.00     0.00     0.00     0.00     0.00     0.00     0.00
J0808+0514      13.71     4.03     0.00     2.02     0.00     0.00     0.00     0.00
J0656-0323       0.00     0.00     0.00    46.23     0.00     0.00     0.00     0.00
J1217-0029       0.00     0.00     4.74     9.68     0.00     0.00     0.00     0.00
J1309+1154      40.98     0.00     0.00     0.00     0.00     0.00     0.00     0.00
J0241-0815      69.02     4.23     4.84    81.68   138.12   254.66     0.00     0.00
J0336-2644       0.00     0.00     0.00     1.60     0.00     0.00     0.00     0.00
J2141-3729       0.00     0.00     0.00     8.87     1.21     0.00     0.00     0.00
J0828-3731      12.90     0.00     0.00    11.42     4.03     0.00     0.00     0.00
J1835-1513      14.36     0.00     0.00     0.00     0.00     0.00     0.00     0.00
J0718-4319       0.00     0.00     0.00     3.76     0.00     0.00     0.00     0.00
J0948+0022     672.15   148.08    14.11   737.42   518.88    82.94     0.00     0.00
J0341+3352      26.81     0.00     0.00     0.00     0.00     0.00     0.00     0.00
J2214+0711       1.88     0.00     0.00     0.94     0.00     0.00     0.00     0.00
J0559-4529       2.42     0.00     0.00     0.00     0.00     0.00     0.00     0.00
J0416-1851       4.28     0.00     0.00     0.00     0.00     0.00     0.00     0.00
J2339-3310       0.00     0.00     0.00     3.45     0.00     0.00     0.00     0.00
J2300+0337       4.70     0.00     0.00     0.00     0.00     0.00     0.00     0.00
J1112+3446       8.47     0.00     0.00     0.00     0.00     0.00     0.00     0.00
J1825-5230       9.48     0.00     0.00     0.81     0.00     0.00     0.00     0.00
J1415+1320       5.24     2.42     2.02     4.44    23.62     0.00     0.00     0.00
J1657-2004       0.00     0.00     0.00    27.06     0.00     0.00     0.00     0.00
J1206+0529       4.18     0.00     0.00     0.00     0.00     0.00     0.00     0.00
J1446+1721      15.93     0.00     0.00     7.43    10.48     0.00     0.00     0.00
J0139+1753       0.00     6.59     0.00    22.43     0.00     0.00     0.00     0.00
J2217+0220     114.15     1.76     0.00     0.00     0.00     0.00     0.00     0.00
J1830+0619      23.79     0.00     0.00    65.32    52.37     0.00     0.00     0.00
J1147-6753      18.14     0.00     2.42    77.15    40.30    11.29     6.53     0.00
J0724-0715       0.00     0.00     0.00     3.63     0.00     0.00     0.00     0.00
J1007-0207       4.84     0.00     0.00     0.00     2.92     0.00     0.00     0.00
J1513-1012       0.81     0.00     0.00     0.00     0.00     0.00     0.00     0.00
J1221+2813       2.42    19.35     0.00    24.28     0.00     0.00     0.00     0.00
J0518+3306      13.68     0.00     0.00     0.00     4.27     0.00     0.00     0.00
J1016+0513      23.08     0.00     0.00     0.71     0.00     0.00     0.00     0.00
J0927+3902       4.03     0.00     0.00     7.86    43.48     0.00     6.82     0.00
J2007+4029       1.88     2.02     0.00     0.00     4.99     0.00     0.00     0.00
J1546+0026      21.77     0.00     0.00     0.00     0.00     0.00     0.00     0.00
J2039+2152       0.00     0.00     0.00     2.42     0.00     0.00     0.00     0.00
J0412+1856       0.00     0.00     0.00     2.82     0.00     0.00     0.00     0.00
J1905+0952      30.82     0.00     0.00    54.63     1.61     0.00     0.00     0.00
J0057+3021      33.92     2.47     3.53    24.66     2.47     0.00     0.00     0.00
J1028-0236       4.03     0.00     0.00    15.72    58.06    26.01     0.00     0.00
J2327+1524       0.71     0.00     3.33    16.14     6.10     0.00     0.00     0.00
J0658-5840      21.50     0.00     0.00     4.84     0.00     0.00     0.00     0.00
J1427-4206    1343.05   120.51    75.87  2048.55  2183.64   100.07    88.70     0.00
J1051+2027       3.83     0.00     0.00     1.76     0.00     0.00     0.00     0.00
J0453-2807       1.61     0.00     3.23     6.85    19.35     0.00    19.89     0.00
J0212-1746       3.18     0.00     0.00     0.00     0.00     0.00     0.00     0.00
J1924-2914    1983.51   262.93   210.74  3609.30  3326.45   780.54   360.00    15.14
J0231-4746      12.90     3.63     0.00     4.50     0.00     0.00     0.00     0.00
J0013+4051       0.00     0.00     0.00     5.64     0.00     0.00     0.00     0.00
J2232+1143     185.42    15.28     0.00   147.73   313.74   127.37    45.46     7.49
J0342-3007     450.22    58.06     0.00    40.98    97.04     0.00     0.00     0.00
J1438-3122       0.00     0.00     0.00     0.00    10.89     0.00     0.00     0.00
J0437-7148      17.34     0.00     0.00     5.64     0.00     0.00     0.00     0.00
J0854+2006     949.55   158.09   170.60   959.60   894.57   142.58   137.58     0.00
J0038-2459     422.35    44.35    82.45   210.30   155.54    28.53     0.00     0.00
J0746+2734       8.27     2.35     0.00     0.00     7.65     0.00     0.00     0.00
J1551-1755       0.00     1.61     3.63    47.30     4.03     0.00     0.00     0.00
J1419-0838       4.99     0.00     3.23    50.96     0.00     0.00     0.00     0.00
J2254+0054       0.00     0.00     0.00     2.02     2.15     0.00     0.00     0.00
J1935+2031       3.63     0.00     0.00    21.17    23.59     0.00     0.00     0.00
J0426+0518       0.00     0.00     0.00     0.00     4.23     0.00     0.00     0.00
J1248-4559       3.56     0.00     0.00     8.41     0.00     0.00     0.00     0.00
J0313+4120       0.00     0.00     0.00    44.13     0.00     0.00     0.00     0.00
J0703-0051       0.00     0.00     0.00     1.61     0.00     0.00     0.00     0.00
J1408-2900       2.42     0.00     2.02    13.41     0.00     0.00     0.00     0.00
J0536-3401      19.35     1.21     0.00    23.92     2.82     0.00     0.00     0.00
J0549-5246       0.00     0.00     0.00    15.05     0.00     0.00     0.00     0.00
J1329+3154       2.02     0.00     0.00     6.85     0.00     0.00     0.00     0.00
J0042-4030       5.64     0.00     0.00     0.00     0.00     0.00     0.00     0.00
J1148+1840      23.18     0.00    16.98    21.02    41.33     0.00     0.00     0.00
J2333-2343       0.00     0.00     0.00     0.00     3.23     0.00     0.00     0.00
J1058+0133    2185.86   608.58   131.60  2663.54  3450.14   231.12    33.32     0.00
J0122+2954       4.84     0.00     0.00     0.00     0.00     0.00     0.00     0.00
J2326+0112       7.66     0.00     0.00     0.00     0.00     0.00     0.00     0.00
J1351-2912      50.27     6.18     0.00   232.73    55.78     0.00     0.00     0.00
J1006+0509       0.00     0.00     0.00     1.61     0.00     0.00     0.00     0.00
J2105-4848       1.88     0.94     0.00     2.02     0.00     0.00     0.00     0.00
J1424-7241       0.00     0.00     0.00     1.06     0.00     0.00     0.00     0.00
J0826-2230       4.84     4.84     0.00     0.00     5.53     0.00     0.00     0.00
J1159+2914       4.94     0.00     0.00    36.89    11.02     0.00     0.00     0.00
J0040-3243      46.89    67.27    14.16    19.15     2.12     0.00     0.00     0.00
J0208-0047      35.83     4.84     5.64    28.53    16.12     0.00     0.00     0.00
J0438+3004      72.14    32.04    16.93   470.71    96.40     0.00     0.00     0.00
J0407+0742       0.00     0.00     0.00     8.47    57.20     0.00     0.00     0.00
J0228-0337      36.69     0.00     0.00    49.39     0.00     0.00     0.00     0.00
J2040-5735       4.03     0.00     0.00     5.64     1.88     0.00     0.00     0.00
J0739+0137       5.17     0.00     0.00     0.00    10.47     0.00     0.00     0.00
J0730-1141       8.52     0.00     0.00    94.37    43.72     0.00     0.00     0.00
J0909+0121     119.04     6.05    12.90    58.27   130.52    37.90     4.87     0.00
J2357-1125      13.99     0.00     0.00     0.00     0.00     0.00     0.00     0.00
J2212+0646       1.61     0.00     0.00     2.35     0.00     0.00     0.00     0.00
J1357-1527       0.00     0.00     0.00     0.81     0.00     0.00     0.00     0.00
J1139-1350      16.13     0.00     0.00     0.00     0.00     0.00     0.00     0.00
J0922-3959      13.96     0.00     0.00     4.03    47.31    27.76     0.00     0.00
J0121+1149      12.30     1.41     0.00    35.81    34.07     0.00     0.00     0.00
J2243-2544       2.42     0.00     0.00     0.00     0.00     0.00     0.00     0.00
J0607-0834      95.23    34.20     0.00   293.04   185.56     6.53    49.72     0.00
J1305-2850       1.61     0.00     0.00     7.66     0.00     0.00     0.00     0.00
J0017-0512       0.00     0.00     5.64     2.42    29.77     0.00     0.00     0.00
J2051+1743       6.25     0.00     0.00    39.80    14.57     0.00     0.00     0.00
J1713-3418      29.84    13.71     0.00     6.85     0.00     0.00     0.00     0.00
J1516+0015       6.59     0.00     0.00     2.82     6.05     0.00     0.00     0.00
J1258-2219      25.64     0.00     0.00     0.00    10.89     0.00     0.00     0.00
J0904-5735      24.80     4.94     0.00   198.24    97.31     2.72     0.00     0.00
J0051-4226       6.05     0.81     0.00     3.63     0.00     0.00     0.00     0.00
J0552+3754       8.47     0.00     0.00     0.00     2.28     0.00     0.00     0.00
J1245-1616       5.59     0.00     0.00     3.63    57.12     0.00     0.00     0.00
J1848+3219       0.00     0.00     0.00     9.68     0.00     0.00     0.00     0.00
J0512+2927      13.59     0.00     0.00    76.75     0.81     0.00     0.00     0.00
J1232-0224      49.69     0.00     0.00    33.58     2.82     0.00     0.00     0.00
J0853+0654      22.61     2.02     0.00     4.44     8.22     0.00     0.00     0.00
J0440+1437       2.42     0.00     0.00    96.70    46.79     2.72     0.00     0.00
J0940-6107       0.00     0.00     0.00    11.29     0.00     6.70     0.00     0.00
J2101-2933      38.44     0.00     0.00    11.12     0.71     0.00     0.00     0.00
J1522+3144      16.93     0.00     0.00     8.57     0.00     0.00     0.00     0.00
J0604-4225       2.12     0.00     0.00     1.06     0.00     0.00     0.00     0.00
J0058-5219      15.32     0.00     0.00     0.00     0.00     0.00     0.00     0.00
J1617-7717      34.68     0.00     0.00     0.00     3.63     0.00     0.00     0.00
J0643+0857       1.61    57.34     0.00    41.10    47.12     0.00     0.00     0.00
J1535-4730       0.00     0.00     0.00     5.64     0.00     0.00     0.00     0.00
J0710-3850       0.00     0.00     0.00     4.84     0.00     0.00     0.00     0.00
J0522-3627    1214.68   202.07    60.13  2156.60  2137.01   846.72   292.47     0.00
J1337-6509      41.63     0.81     0.00    61.56     7.71     0.00     0.00     0.00
J1419+0628       0.00     0.00     0.00     2.82     0.00     0.00     0.00     0.00
J0403-3605       0.00     0.00     2.02     0.00     3.63     0.00     0.00     0.00
J2334+0736       1.61     0.00     0.00     5.24     4.23     0.00     0.00     0.00
J0625+1440       0.00     1.41     0.00     0.00     2.95     0.00     0.00     0.00
J1254-6111       2.82     0.00     0.00    21.55    10.25     0.00     0.00     0.00
J1647+2705       8.06     0.00     0.00     0.94     0.00     0.00     0.00     0.00
J1014+2301       0.00     0.00     0.00    21.37     0.00     0.00     0.00     0.00
J0529-7245     361.64     0.00     0.00    99.94   133.56     0.00     0.00     0.00
J1101-6056       0.94     0.00     0.00     0.00     0.00     0.00     0.00     0.00
J1512+0203       8.20     4.03     4.84     3.23     9.58    50.72     0.00     0.00
J0541-0211     105.97    17.29     0.00    74.07   104.82     0.00     0.00     0.00
J0555+3948      12.10     0.00     0.00     0.81     0.00     0.00     0.00     0.00
J1243+1622      18.24     0.00     0.00    13.44     5.44     0.00     0.00     0.00
J0110-0741       7.26     8.06     0.00     2.02     0.00     0.00     0.00     0.00
J2130-0927      14.72     0.00     0.00     0.00     0.00     0.00     0.00     0.00
J1745-2900       0.00     0.00     0.00    13.34    19.09     0.00     0.00     0.00
J0957-1350       2.12     0.00     0.00     0.00     0.00     0.00     0.00     0.00
J1150+2417      27.82     2.42     0.00    24.39     9.68     0.00     0.00     0.00
J1610-3958      87.60    38.34     0.00   341.09   179.02     8.16     0.00     0.00
J1408-0752       0.00     0.00     0.00    22.14     4.23     7.26     0.00     0.00
J0034-0054      11.10     5.64     0.00     0.00     0.00     0.00     0.00     0.00
J1509-4340       0.81     0.00     0.00     0.00     0.00     0.00     0.00     0.00
J0217-0820      39.24    12.50     1.41   159.68   174.39     0.00     0.00     0.00
J0146-5202       3.76     1.21     0.00     2.42     0.00     0.00     0.00     0.00
J2136+0041      14.52     4.03     0.00    17.74     8.47     0.00     0.00     0.00
J2042-2255       0.00     0.00     1.21     4.84     0.00     0.00     0.00     0.00
J1103+1158       6.45     0.00     0.00    51.22    17.68     0.00     0.00     0.00
J1553-2422      52.42     0.00     0.00    35.45    31.45     0.00     0.00     0.00
J1851+0035     316.71    12.70     8.87   332.32    55.19     5.44     0.00     0.00
J1933-6942       0.00     0.00     0.00     2.42     1.61     0.00     0.00     0.00
J0530+1331       1.21     0.00     0.00    21.97     0.00     0.00     0.00     0.00
J1619-1817      39.58     0.00     0.00     0.00     0.00     0.00     0.00     0.00
J0516-6207       6.45     0.00     0.00    39.58    48.13     0.00     0.00     0.00
J0544+1118       0.00     0.00     0.00     1.41     0.00     0.00     0.00     0.00
J1803-6507       1.61     0.00     0.00     0.00     0.00     0.00     0.00     0.00
J0632-2614       1.06     0.00     0.00     0.00     0.00     0.00     0.00     0.00
J1136-0330       2.82     0.00     0.00     0.00     0.00     0.00     0.00     0.00
J2158-1501      44.63     4.84     0.00     8.57     5.24    21.77     0.00     0.00
J1220-5604       0.00     0.00     0.00     3.43     0.00     0.00     0.00     0.00
J2323-0617       1.61     0.00     0.00    29.84     0.00     0.00     0.00     0.00
J0538-4405     702.30    14.82     0.00   592.30   562.78    28.26     0.00     0.00
J2121-6111       0.71     7.06     0.00     0.00     0.00     0.00     0.00     0.00
J0750+1231     463.53   118.68    14.84   415.85   109.18     0.00     0.00     0.00
J2152+1734      16.80     0.00     0.00     0.00     0.00     0.00     0.00     0.00
J2218-0335       0.00     0.00     0.00     0.00     2.12     5.44     0.00     0.00
J0010+1724       2.55     0.00     0.00     3.06     2.82     0.00     0.00     0.00
J0603+2159       0.00     0.00     0.00     2.02     0.00     0.00     0.00     0.00
J1706-4600      43.28     0.00     0.00    44.82     4.84     0.00     0.00     0.00
J2309-3059       6.85     3.63     0.00     5.24     0.00     0.00     0.00     0.00
J1405+0415       0.00     2.35     0.00     1.21     0.00     0.00     0.00     0.00
J1930-6056       0.00     0.00     0.00     4.03     0.00     0.00     0.00     0.00
J1304-0346       2.42     0.00     0.00     0.00     0.00     0.00     0.00     0.00
J2158-3013       0.00     0.00     0.00     4.03     1.61     0.00     0.00     0.00
J1543-0757       1.61     0.00     0.00     0.00     0.00     0.00     0.00     0.00
J1951-0509       0.00     0.00     7.26    21.79     0.00     0.00     0.00     0.00
J2018-0509       0.00     0.00     0.00     9.54     0.00     0.00     0.00     0.00
J2343-5626       0.00     5.64     0.00     0.00     0.00     0.00     0.00     0.00
J2359-3133      14.01     5.75     0.00    39.11    25.47     0.00     0.00     0.00
J2349+0534       0.00     0.00     0.00     0.00     6.23     0.00     0.00     0.00
J1555+1111       3.53    20.08     0.00     0.00     2.47     0.00     0.00     0.00
J1419+2706       0.00     7.26     0.00     1.21     0.00     0.00     0.00     0.00
J1505+0326       0.94     0.94     6.05    25.25     6.82     0.00     0.00     0.00
J1420-0642       5.91     0.00     0.00     1.88     0.00     0.00     0.00     0.00
J0612-3138       1.41     0.00     0.00     0.00     0.00     0.00     0.00     0.00
J2009-4849       1.06     0.00     0.00    12.50     5.64     0.00     0.00     0.00
J1606+1814      38.98     0.00     0.00     5.24     0.00     0.00    40.14     0.00
J0422-0643      18.35     3.63     2.82    19.35     8.70     0.00     0.00     0.00
J1254-4424       7.66     0.00     0.00    78.98     9.68     0.00     0.00     0.00
J0517-0520      15.52     2.42     0.00    15.57     2.02     0.00     0.00     0.00
J1813+2952       0.00     0.00     0.00     0.29     0.00     0.00     0.00     0.00
J1408-5712       9.41     0.00     0.00     2.96     0.00     0.00     0.00     0.00
J0559+2353       0.81     0.00     0.00     0.00     0.00     0.00     0.00     0.00
J1434+1952       0.00     1.61     0.00     0.00     0.00     0.00     0.00     0.00
J1241+1649       4.84     0.00     0.00     0.00     0.00     0.00     0.00     0.00
J0349-2102       6.45     0.00     0.00     0.00     0.00     0.00     0.00     0.00
J0449+1121       2.02     0.00     0.00     4.59     1.41     0.00     0.00     0.00
J1224+2122       0.00     0.00     3.23    37.80     1.61    21.77     7.26     0.00
J1652-0400       4.44    16.46     0.00     0.00     0.00     0.00     0.00     0.00
J1722+2815       3.53     0.00     0.00     0.00     0.00     0.00     0.00     0.00
J1820-1111       0.00     0.00     0.00     1.21     0.00     0.00     0.00     0.00
J0922-0529       0.00     0.00    20.56    26.61     0.00     0.00     0.00     0.00
J0455-4615       8.06     0.00     0.00     7.46     4.03     6.35     0.00     0.00
J0406-3826       0.00     0.00     0.00     5.64     2.82     0.00     0.00     0.00
J0301+0118      54.28     0.00     0.00     2.02     0.00     0.00     0.00     0.00
J1834-5856       0.00     0.00     0.00     0.00     1.41     0.00     0.00     0.00
J0440+2728       7.45     6.89     0.00    21.27     0.00     0.00     0.00     0.00
J1319-1217       3.23     0.00     0.00     0.00     0.00     0.00     0.00     0.00
J2206-1835      22.58     0.00     0.00    13.51    41.18     0.00     0.00     0.00
J2151-2742       0.00     0.00     0.00     2.82     0.00     0.00     0.00     0.00
J1102-4404       1.81     0.00     2.82    18.95     0.00     0.00     0.00     0.00
J0237+2848     199.77    40.89    41.31   561.57   259.88     0.00     0.00     0.00
J0608-2220       5.24     0.00     0.00     0.00     0.00     0.00     0.00     0.00
J2056-3208       1.76     0.00     0.00    12.05     5.85     0.00     0.00     0.00
J1307-5019      16.53     0.00     0.00    24.33    11.29     0.00     0.00     0.00
J0439-4522       1.61     0.81     0.00     2.15    68.88     0.00     0.00     0.00
J1607-3331       4.13     0.00     0.00     0.00     0.00     0.00     0.00     0.00
J2050+3619       0.00     0.00     0.00     4.03     0.00     0.00     0.00     0.00
J0012-3954      10.48     0.00     0.00     0.00     0.00     0.00     0.00     0.00
J1322-6532       4.70     0.81     0.00     0.00     1.06     0.00     0.00     0.00
J1938+0448      26.54     0.00     2.42    92.91    75.05     0.00     0.00     0.00
J1516+1932      24.61     4.03     2.42     3.93    29.93    31.87    47.36     0.00
J1717-3948       1.41     0.00     0.00     0.00     0.00     0.00     0.00     0.00
J2358+3922       0.00     0.00     0.00     0.81     0.00     0.00     0.00     0.00
J2031+1219       0.00     0.00     0.00     2.47     0.00     0.00     0.00     0.00
J1421-4820       0.00     0.00     0.00     2.42     0.00     0.00     0.00     0.00
J1720-3552       2.42     0.00     0.00    40.41     0.00     0.00     0.00     0.00
J1038-2151       0.94     0.00     0.00     1.29     0.00     0.00     0.00     0.00
J1445-1629       1.61     0.00     0.00     1.21     0.00     0.00     0.00     0.00
J1617-2537       0.00     0.00     0.00     2.02     0.00     0.00     0.00     0.00
J0502+0609       0.00     0.00     0.00     5.24     0.00     0.00     0.00     0.00
J0521+1638      29.25     0.00     0.00     0.00    20.47     0.00     0.00     0.00
J1254+1141       8.67     6.70     0.00    30.84     7.48     0.00     0.00     0.00
J0954+1743       4.03     0.00     0.00     0.00     0.00     0.00     0.00     0.00
J0016-0015       6.05     0.00     0.00     0.00     0.00     0.00     0.00     0.00
J0424+0036       2.02     0.00     0.00     0.00     0.00     0.00     0.00     0.00
J0154+0823       0.00     0.00     0.00     2.02     0.00     0.00     0.00     0.00
J2246-1206      13.37     4.00     0.00     6.59    22.90     0.00     0.00     0.00
J0401+0413       2.82     0.00     0.00     0.00     0.00     0.00     0.00     0.00
J1218-0119      10.84     1.06     7.26    35.28    19.91     6.35     0.00     0.00
J1242+0941      22.98     0.00     0.00     0.00     0.00     0.00     0.00     0.00
J1421-1931       2.42     0.00     0.00     1.21     0.00     0.00     0.00     0.00
J0011-1434       0.00     0.00     0.00     0.00     5.24     0.00     0.00     0.00
J1238+0723       9.41     0.00     0.00     0.00     0.00     0.00     0.00     0.00
J0107+1312       0.81     0.00     0.00     0.00     0.00     0.00     0.00     0.00
J0715-6829      10.82     0.00     0.00     0.00     0.00     0.00     0.00     0.00
J0004+2019      12.10     0.00     0.00     2.82     0.00     0.00     0.00     0.00
J0550-5732       8.16    12.33     0.00     9.27    53.07    14.52     0.00     0.00
J0110-6315       4.44     0.00     0.00     0.00     0.00     0.00     0.00     0.00
J1430+1043      48.40     0.81     0.00     0.00     0.00     0.00     0.00     0.00
J0650-1637       0.00     0.00     0.00     1.61     0.00     0.00     0.00     0.00
J0527-1002       0.00    10.48     0.00     0.00     0.00     0.00     0.00     0.00
J2101+0341      36.71     1.21     0.00    26.87    25.03    45.96     0.00     0.00
J1448+0402      14.92     0.00     0.00     1.61     0.00     0.00     0.00     0.00
J1012+2312      13.71     0.00     0.00     0.00     0.00     0.00     0.00     0.00
J1536-3151       0.00     0.00     0.00     4.00     0.00     0.00     0.00     0.00
J0616-1041       6.85     0.00     0.00     0.00     0.00     0.00     0.00     0.00
J0124-5113       1.61     2.02     6.45     8.06     5.54     0.00     0.00     0.00
J1707+0148       0.00     0.00     0.00     0.00     1.61     0.00     0.00     0.00
J0433+2905       6.85     0.00     0.00     6.85    37.70     0.00     0.00     0.00
J1957-3845       0.00     0.00     3.63     9.37    18.14    10.89   114.98     0.00
J0141-0202      13.51     2.15     0.00     6.37     0.00     0.00     0.00     0.00
J0613+1708       0.81     0.00     0.00     3.23    10.08     0.00     0.00     0.00
J1653+3107       0.00     0.00     2.82     0.00     0.00     9.81     0.00     0.00
J2229-6910       2.42     0.00     0.00     0.00     0.00     0.00     0.00     0.00
J0725-2640       6.30     0.00     0.00    11.34     0.00     0.00     0.00     0.00
J2210+2013       3.63     0.00     0.00     0.00     0.00     0.00     0.00     0.00
J0912+2205       5.64     1.21     0.00     0.00     0.00     0.00     0.00     0.00
J0220+3241       4.97     8.87     0.00     4.23     1.61     0.00     0.00     0.00
J0238+1636    1095.74   164.04    45.16   921.03   351.28    42.93     0.00     0.00
J1825-0737       0.00     0.00     0.00     2.42     0.00     0.00     0.00     0.00
J1321-4342      94.99     0.00     0.00    11.02   301.66    38.61     0.00     0.00
J0839+0104       1.76     2.42     0.00    15.12    17.71     6.82     0.00     0.00
J0403+2600      20.36    56.57     0.00     6.45    22.49     0.00     0.00     0.00
J2217+2421       0.00     0.00     0.00     0.00     1.76     0.00     0.00     0.00
J1532+2344      65.29     0.00     0.00    27.67     0.00     0.00     0.00     0.00
J2256-2735       0.00     1.76     0.00     0.00     0.00     0.00     0.00     0.00
J0327-2202       0.00     0.00     0.00    33.87     0.00     0.00     0.00     0.00
J0648-3044       0.00     0.00     0.00     6.05     0.00     0.00     0.00     0.00
J0350-3232       0.00     0.94     0.00     0.00     0.00     0.00     0.00     0.00
J1826-3650       0.81     0.00     0.00    30.11     1.88     0.00     0.00     0.00
J1041+0610       8.06     0.00     2.02     2.02    18.11     0.00     0.00     0.00
J0450-8101       0.81     0.00     0.00   101.64     0.00     0.00     0.00     0.00
J0240-0504       8.87     0.00     0.00     0.00     0.00     0.00     0.00     0.00
J0058+0620       0.00     0.00     0.00     9.58     0.00     0.00     0.00     0.00
J1613+3412       0.00     0.00     3.63     0.00     0.00     0.00     0.00     0.00
J0239+0416      17.94     0.00     0.00    25.47     6.45     0.00     0.00     0.00
J1504+1029      35.48    27.27     2.02     2.02     8.47     0.00     0.00    15.86
J0026-3512      22.78     3.63     0.00     0.00     0.00     0.00     0.00     0.00
J0217+0144     156.19    18.14     4.03    28.12   141.74    43.24    36.79     0.00
J1716+2152       0.00     0.00     0.00     0.00     2.47     0.00     0.00     0.00
J0137-2430      51.70     0.00     0.00     6.18    13.23    28.72     0.00     0.00
J0130+0842       0.00     0.00     0.00     6.05     0.00     0.00     0.00     0.00
J0056+1625       3.23     0.00     0.00     8.06     0.00     0.00     0.00     0.00
J1452-6502       0.00     0.00     0.00     0.00    39.46     0.00     0.00     0.00
J2238+1242       0.00     1.76     0.00     0.81     0.00     0.00     0.00     0.00
J1157+1638       0.71     5.64     0.00    35.33     0.74     0.00     0.00     0.00
J1342+2709       2.42     8.47     0.00     0.00     0.00     0.00     0.00     0.00
J1809-4552       0.00     0.00     0.00     1.21     0.00     0.00     0.00     0.00
J2146-1525       1.61     2.42     0.00    14.11    26.22     0.00     0.00     0.00
J1441-1523       0.00     0.00     0.00     5.64     0.00     0.00     0.00     0.00
J2148+0657     562.18   135.27    40.06   767.39   399.63    35.25    18.30     0.00
J0119+0829       0.00     0.00     0.00     0.81     0.00     0.00     0.00     0.00
J0151+2517       1.61     0.00     0.00     0.00     0.00     0.00     0.00     0.00
J1333-2356       2.15     0.00     0.00     2.02     0.00     0.00     0.00     0.00
J1753-5015       0.00     2.02     0.00     0.00     0.00     0.00     0.00     0.00
J1044+0655      20.16     0.00     0.00    36.02     0.00     0.00     0.00     0.00
J1923-6320       1.61     0.00     0.00     0.00     0.00     0.00     0.00     0.00
J0423+4150       2.42     0.00     0.00     0.00     0.00     0.00     0.00     0.00
J1120-1243       3.63     0.00     0.00     3.63     0.00     0.00     0.00     0.00
J0049-5738       1.06     0.00     0.00     2.82     0.00     0.00     0.00     0.00
J0214-6149       0.00     0.00     0.00     0.00     0.00     3.63     0.00     0.00
J1634-2058       0.00     9.41     0.00    16.53    11.69     0.00     0.00     0.00
J1357-1744       3.23     0.00     0.00     0.00     0.00     0.00     0.00     0.00
J1012+0630      17.89     0.00     0.00     0.00     0.00     0.00     0.00     0.00
J0908+1609       4.74     0.00     0.00     9.27     0.00     0.00     0.00     0.00
J0825+2704       2.02     8.67     0.00     3.73     0.00     0.00     0.00     0.00
J1008-0933       0.00     0.00     0.00     0.00     5.78     0.00     0.00     0.00
J2025-2845       1.06     0.00     0.00   118.29     0.00     0.00     0.00     0.00
J1116+0829      11.29     0.00     3.88     1.98     4.59     0.00     0.00     0.00
J1840+3900       0.00     0.00     0.00    12.89     0.00     0.00     0.00     0.00
J0049-4457       4.84     0.81     0.81     4.03     1.06     0.00     0.00     0.00
J0743-3803       0.00     0.00     0.00     0.00    19.49     0.00     0.00     0.00
J1812-2836       0.00     0.94     0.00     2.42     0.00     0.00     0.00     0.00
J1907+0907       0.00     0.00     0.00     0.00     1.51     0.00     0.00     0.00
J0121+0422       0.00     0.00     0.00     3.33     1.88     0.00     0.00     0.00
J0113+0222       2.15     0.00     0.00     6.18     0.00     1.36     0.00     0.00
J1308-6707       5.82     2.02     0.00    37.39     0.00     0.00     0.00     0.00
J0519+0848       0.00     0.00     0.00     0.94     0.00     0.00     0.00     0.00
J0451-4653       0.00     0.00     0.00     0.00     2.82     0.00     0.00     0.00
J1229+0203     775.26   214.60   190.26  1344.24  1124.63   446.02    72.53     0.00
J1257-3155       5.64     0.00     0.00     2.82     0.00     0.00     0.00     0.00
J2230-1325       6.15     0.00     0.00     1.21     0.00     0.00     0.00     0.00
J0204-1701       0.00     0.00     0.00    38.26     0.00     4.54     0.00     0.00
J0438-1251      19.50     2.42     0.00    15.62     0.00     0.00     0.00     0.00
J1718-1120       0.00     0.00     0.00     4.99     0.00     0.00     0.00     0.00
J0309+1029      17.10     0.00     0.00    14.11     0.00     0.00     0.00     0.00
J0309-6058      40.72     9.68     0.00    33.18    36.24     8.16     0.00     0.00
J1425+1424       2.82     0.00     0.00     2.02     0.00     0.00     0.00     0.00
J1400-1858       5.24     0.00     0.00     0.00     0.00     0.00     0.00     0.00
J2225-0457       9.42     0.00     0.00     9.68     8.90     0.00     9.07     0.00
J0113-3551       4.84     0.00     0.00    16.03     1.06     0.00     0.00     0.00
J0748+2400      22.85     1.21     6.15    21.18     3.53     0.00     0.00     0.00
J0058-5659      12.10     0.00     0.00     0.00     1.88     0.00     0.00     0.00
J0348-2749      76.12   146.60    20.90   595.19   329.64    38.68     1.09     0.00
J1727-1951       1.21     0.00     0.00     0.00     0.00     0.00     0.00     0.00
J1819-6345       0.00     0.00     0.00     5.64     0.00     0.00     0.00     0.00
J2337-0230      24.75     1.61     0.00     3.56    15.76     0.00     0.00     0.00
J0120-2701      54.13     0.00     0.00     5.49    13.62    20.87     0.00     0.00
J1837-3319       0.94     0.00     0.00    14.78     0.00     0.00     0.00     0.00
J1010-0200     115.42    26.88     4.84   213.63   161.62    13.81     0.00     0.00
J1619+2247      17.29     0.71     0.00    32.37    16.03     0.00     0.00     0.00
J1829-5813       0.00     0.00     0.00    27.06     0.00    17.24     0.00     0.00
J0431+2037       8.87     6.35     0.00    49.34    12.90     0.00     0.00     0.00
J1008+0621      42.54    31.55     1.21    72.32   140.85     0.00     0.00     0.00
J2258-2758    1009.30   193.51   269.99  1359.53   869.57   343.77     5.59     0.00
J1524-5903      10.58     1.08     0.00    35.48    13.51     0.00     0.00     0.00
J1039-1541       0.94     0.00     0.00     5.17     0.00     0.00     0.00     0.00
J1709-3525       1.41     0.00     0.00     9.27     2.02     0.00     0.00     0.00
J2106+2500       0.81     0.00     0.00     0.00     0.00     0.00     0.00     0.00
J1133+0040       0.00     0.00     0.00     3.63     0.00     0.00     0.00     0.00
J0534-6106       2.35     0.00     0.00     0.00     0.00     0.00     0.00     0.00
J1419+3821       0.94    12.42     0.00    25.40    11.49     0.00     0.00     0.00
J0858-1950       0.71     0.00     0.00     0.00     0.00     0.00     0.00     0.00
J1521+0420       5.64     0.00     0.00     1.21     0.00     0.00     0.00     0.00
J0013-0423       0.00     7.26     0.00     0.00     0.00     3.63     0.00     0.00
J0504-1512       0.00     2.82     0.00     0.00     0.00     0.00     0.00     0.00
J1427+2348      22.73     0.00     0.00    30.98     7.53     0.00     0.00     0.00
J0914+0245      22.18     7.26     0.00     8.37    38.79     0.00     0.00     0.00
J1650-2943       2.02     0.00     0.00    10.18    14.11     0.00     0.00     0.00
J1604-4228      37.26     8.27     0.00     5.24    38.02     0.00     0.00     0.00
J0823+2223      11.69     2.82     0.00     2.35     4.94     0.00     0.00     0.00
J1514-4748       9.27     0.00     0.00     0.00     0.00     0.00     0.00     0.00
J1631-4345       4.84     0.00     0.00     0.00     0.00     0.00     0.00     0.00
J0422+0219       4.03     0.00     0.00     0.00     0.00     0.00     0.00     0.00
J1331+3030       8.11     0.00     0.00    29.37    19.89     0.00     0.00     0.00
J0731-2224       0.00     0.00     0.00     0.81     0.00     0.00     0.00     0.00
J1258-1800       0.00     0.00     0.00     5.95     0.00     0.00     0.00     0.00
J0403-2444       0.00     0.00     0.00     9.48    10.96     0.00     0.00     0.00
J0629-1959       3.63     0.00     0.00     2.02     3.28     0.00     0.00     0.00
J2330-3724       0.00     0.00     0.00     8.50     0.00     0.00     0.00     0.00
J1743-1658       4.03     0.00     0.00    29.90     0.00     6.35     0.00     0.00
J2358-1020       2.42     0.00     0.00     2.82     1.41     0.00     0.00     0.00
J1008+0029     218.82    88.79     0.00     0.00     0.00     0.00     0.00     0.00
J1448-1620       0.00     0.00     0.00     2.42     0.00     0.00     0.00     0.00
J1220+0203      42.74     3.23     2.02    49.02     4.03     0.00     0.00     0.00
J0510-3142       0.00     0.00     0.00     0.00     3.29     0.00     0.00     0.00
J2124-4948       0.94     0.94     0.00     0.00     0.00     0.00     0.00     0.00
J1751+0947       0.00     0.00     0.00     0.00     0.00     0.00     0.00     0.00
J0502+3436       0.00     0.00     0.00     2.42     0.00     0.00     0.00     0.00
J0431+1731      33.23     1.41     0.00    84.80    25.98     0.00     0.00     0.00
J1945-5520      24.39     0.00     0.00     6.30     4.44     0.00     0.00     0.00
J2156-0037       6.65     7.26     0.00    29.67     2.82     0.00     0.00     0.00
J1733-3722      47.43    24.60     2.42   146.11    92.95    91.86    17.37     0.00
J1048+0055       0.00     0.00     0.00     1.21     4.84     0.00     0.00     0.00
J0909-1248       2.42     0.00     0.00     0.00     0.00     0.00     0.00     0.00
J2328-4035      22.68     0.00     0.00    25.67     3.53     0.00     0.00     0.00
J0327+0044       7.66     0.00     0.00     0.00     0.00     0.00     0.00     0.00
J1206-6138       0.94     0.00     0.00    25.08     0.00     0.00     0.00     0.00
J1507-1652       3.63     0.00    16.45    21.37     3.23     0.00     0.00     0.00
J0425-5331      22.18     0.00     0.00    36.12    14.85     0.00     0.00     0.00
J2019-5201       8.87     0.94     0.00     0.00     0.00     0.00     0.00     0.00
J0427-0700       1.21     0.00     0.00     0.00     0.00     0.00     0.00     0.00
J1125+2005       0.00     0.00     0.00     0.81     0.00     0.00     0.00     0.00
J0609-1542       6.38     0.00     0.00    21.42     7.06     0.00     0.00     0.00
J1118-4634       0.00     0.00     0.00     0.71     0.00     0.00     0.00     0.00
J1623+0741       3.23     0.00     0.00     0.00     0.00     0.00     0.00     0.00
J2247-3657       2.42     0.00     0.00    10.08     0.00     0.00     0.00     0.00
J0134-3843       4.03     3.53     0.00     9.21     0.00     0.00     0.00     0.00
J0057-0024       1.61     0.00     0.00     0.00     0.00     0.00     0.00     0.00
J1502-1508       0.00     0.00     0.00     1.21     0.00     0.00     0.00     0.00
J0457-2324      10.34     0.00     0.00     7.66    30.21     0.00     0.00     0.00
J0433+0521       3.63     0.00     0.00     6.45     1.21     4.03     0.00     0.00
J1217+3007      11.36     0.00     0.00     0.00     0.00     0.00     0.00     0.00
J0435+2532      30.97     0.00     0.00     4.18     0.00     0.00     0.00     0.00
J1312-7724       0.00     0.00     0.00     7.26     0.00     0.00     0.00     0.00
J1136-7415       0.00     9.68     0.00     0.00     0.00     0.00     0.00     0.00
J1019-2708       1.21     3.23     0.00     1.61     0.00     0.00     0.00     0.00
J0641-0320       9.61     3.63     0.00    11.29     2.12     0.00     0.00     0.00
J1041-6431       0.00     0.00     0.00     0.00     9.74     0.00     0.00     0.00
J1259-2310       0.00     0.00     0.00     0.94     0.00     0.00     0.00     0.00
J1248-0632      12.72     0.71     0.00     0.77     0.00     0.00     0.00     0.00
J0137+3309       5.31     0.00     0.00     0.00     0.00     0.00     0.00     0.00
J0505+0459       0.00     0.00     0.00     1.61     0.00     2.87     0.00     0.00
J1816-3052       0.00     0.00     0.00     2.02     0.00     0.00     0.00     0.00
J0223-5347       0.94     0.00     0.00     0.00     0.00     0.00     0.00     0.00
J2357-5311     957.67   259.02    26.46   538.69   117.12    32.36     0.00     0.00
J1653+3945       0.81     0.00     0.00     0.00     0.00     0.00     0.00     0.00
J0348-1610       2.02     0.00     0.00     5.70     2.82     0.00     0.00     0.00
J1947-0103       0.81     0.00     0.00     0.00     0.00     0.00     0.00     0.00
J0132-1654       0.00     2.42     0.00    53.16    18.55     0.00    25.87     0.00
J1357+1919       2.47     0.00     0.00     1.06     0.00     0.00     0.00     0.00
J2301-0158      21.87     1.61     0.00    15.07    49.51     0.00     0.00     0.00
J0343-2530       6.59     0.00     0.00     0.00     0.00     0.00     0.00     0.00
J2255-0844       2.42     0.00     0.00     0.00     0.00     0.00     0.00     0.00
J0303-2407      12.90     0.00     0.00     4.84     0.00     0.00     0.00     0.00
J1135-0428       2.12     0.00     0.00     6.35     0.00     0.00     0.00     0.00
J2141-6411       0.00    17.02     0.00     2.42     6.45     9.07     0.00     0.00
J0842+1835      13.71     0.00     0.00     0.00     0.00     0.00     0.00     0.00
J1152-0841      38.30     0.00     0.00     1.88     1.41     0.00     0.00     0.00
J1517-2422     736.00    88.94   158.65  1861.09  2348.41   224.97    24.87     0.00
J1409-2657       1.61     0.00     0.00     0.00     0.00     0.00     0.00     0.00
J1133+0015       0.71     0.00     0.00     0.00     0.00     0.00     0.00     0.00
J1043+2408       4.03     0.00     0.00     0.00     0.00     0.00     0.00     0.00
J0851-5228       0.00     0.00     0.00     2.82     0.00     0.00     0.00     0.00
J1025+1253       4.44     9.68     0.00    12.50     1.76     0.00     0.00     0.00
J0930+0034      11.14     0.00     0.00     1.92     1.88    13.94     0.00     0.00
J2308+2008      25.40     0.00     0.00     0.00    11.88     0.00     0.00     0.00
J1256-0547     780.42   133.52   130.41  1336.86  1398.82   745.66   235.12     5.01
J0442-0017      11.79     0.00     0.81    15.32     5.64     0.00     0.00     0.00
J0340-2119      34.46     0.00     2.42    41.10    50.81     0.00     0.00     0.00
J1751+0939     867.99    68.75    65.12  1582.99   810.00    49.34    75.47     2.49
J1945-0153       0.00     0.00     0.00     5.64     0.00     0.00     0.00     0.00
J1305-1033       2.87     0.00     0.00     4.84     5.64     0.00     0.00     0.00
J0006-0623    1701.03   310.63    97.53  1787.54  1889.95   200.66    46.87     0.00
J0205+3212      21.87     0.00     0.00    45.91     8.47     0.00     0.00     0.00
J0336-3616      10.08     0.00     0.00     0.00     0.00     0.00     0.00     0.00
J0106-4034      90.89     0.00     0.00    19.66    22.20     0.00     0.00     0.00
J0747-3310      34.95     0.00     0.00    23.52     0.00     5.64     0.00     0.00
J2216+3518       0.00     0.00     0.00     8.47     0.00    13.41     0.00     0.00
J1635+3808       1.61     0.00     0.00     2.87     0.00     0.00     0.00     0.00
J0136-4044      16.13     0.00     0.00     0.94     0.00     0.00     0.00     0.00
J1838+0404       7.66     0.00     0.00    15.98    22.58     0.00     0.00     0.00
J2109-4110       6.10     0.00    20.56     7.26     3.23     0.00     0.00     0.00
J0931+1414       0.00     0.00     0.00     2.02     0.00     0.00     0.00     0.00
J1339-2401       0.00     0.00     0.00    63.05     0.00     0.00     0.00     0.00
J2358-4555       0.00     0.00     0.00     4.84    11.29     0.00     0.00     0.00
J1332-0509       0.00    18.14     0.00     0.94     0.00     0.00     0.00     0.00
J1837-7108       0.00     0.00     2.82     0.00     0.00     0.00     0.00     0.00
J0521+2112       2.82     0.00     0.00    99.32    62.31     0.00     0.00     0.00
J1347+1217      55.07     8.06    12.65    41.65    50.98     9.07     0.00     0.00
J1510-0843       0.00     3.29     0.00     2.82     2.82     0.00     0.00     0.00
J1627-2426       0.00     5.64     0.00     4.03     0.00     0.00     0.00     0.00
J0257-1212      40.94     0.00     0.00    26.49     0.00     0.00     0.00     0.00
J1826-2924       4.94     0.00     0.00    58.90    51.21     3.83     0.00     0.00
J1555-4150       1.61     0.00     1.76     0.00     0.00     2.72     0.00     0.00
J1131-0500       0.00     0.00     9.68    15.56     8.06    11.89     0.00     0.00
J2135-5006       0.00     0.00     0.00     5.64     0.00     0.00     0.00     0.00
J2207-5346       1.92     7.26     8.47     7.93     8.92     8.16     0.00     0.00
J0259+0747      19.12     0.00     0.00     2.42     5.64     0.00     0.00     0.00
J1051-3138       0.00     0.00     0.00    30.22     0.00     0.00     0.00     0.00
J1216-1033      16.53     0.00     0.00    12.90     0.00     0.00     0.00     0.00
J0210-5101       6.78     1.61     0.00     8.87    31.43     0.00    12.95     0.00
J0239-0234     124.00    13.71     0.00   549.80    71.12    22.68     0.00     0.00
J1937-3958       2.02     0.00     0.00     8.06     0.00     0.00     0.00     0.00
J0950+0615       1.61     0.00     0.00     0.00     0.00     0.00     0.00     0.00
J0842-6053      17.64     0.00     0.00     0.00     8.87     0.00     0.00     0.00
J1752-2956      30.78     0.00     0.00    42.19     0.00     0.00     0.00     0.00
J1953+3537       4.84     0.00     0.00     0.00     0.00     0.00     0.00     0.00
J1656+1826       4.03     0.00     0.00     3.90     0.00     0.00     0.00     0.00
J1147-3812       7.86     5.54     0.00    16.18   114.84    21.45    15.32     0.00
J1127-1857      64.76    19.56     0.00    16.78    28.24     0.00     0.00     0.00
J2349-4932       0.00     0.00     0.00     1.21     1.76     0.00     0.00     0.00
J2303-1841       1.21     0.00     0.00    17.27     0.00     0.00     0.00     0.00
J1648+2224       2.42     6.05     0.00     1.61     2.35     0.00     0.00     0.00
J0526-4830       0.00     0.00     0.00     8.11    14.41     0.00     0.00     0.00
J1229-6003       0.00     0.00     0.00     1.61     0.00     0.00     0.00     0.00
J0539+1433       2.42     0.00     0.00     0.00    13.06     0.00     0.00     0.00
