J1243+1622       0.00     0.00     0.00    13.44     5.44     0.00     0.00     0.00
J2327+0940       0.00     0.00     0.00     5.95     0.81     0.00     0.00     0.00
J0349-4858       0.00     0.00     0.00     2.02     0.00     0.00     0.00     0.00
J1923-2104       0.00     0.00     0.00     4.84     0.00     0.00     0.00     0.00
J1006+0509       0.00     0.00     0.00     1.61     0.00     0.00     0.00     0.00
J2214+0711       0.00     0.00     0.00     0.94     0.00     0.00     0.00     0.00
J2024-3253       0.00     0.00     0.00     0.81     0.00     0.00     0.00     0.00
J1342-2900       0.00     0.00     0.00    44.50    46.80     0.00     0.00     0.00
J1448+0402       0.00     0.00     0.00     1.61     0.00     0.00     0.00     0.00
J0426+2327       0.00     0.00     0.00   200.31    50.70     0.00     0.00     0.00
J1453+2648       0.00     0.00     0.00    18.14     6.18     0.00     0.00     0.00
J0811-4929       0.00     0.00     0.00     4.33     0.00     0.00     0.00     0.00
J1617-5848       0.00     0.00     0.00   155.57    68.74     0.00     0.00     0.00
J0427+0457       0.00     0.00     0.00     7.06     0.00     0.00     0.00     0.00
J2349+0534       0.00     0.00     0.00     0.00     6.23     0.00     0.00     0.00
J1007-3333       0.00     0.00     0.00     0.81     0.00     0.00     0.00     0.00
J2323-0317       0.00     0.00     0.00    38.56    24.16     0.00     0.00     0.00
J0518+3306       0.00     0.00     0.00     0.00     4.27     0.00     0.00     0.00
J1445-1629       0.00     0.00     0.00     1.21     0.00     0.00     0.00     0.00
J0252+1718       0.00     0.00     0.00     0.71     0.00     0.00     0.00     0.00
J2300+1655       0.00     0.00     0.00     2.42     4.23     0.00     0.00     0.00
J1333+2725       0.00     0.00     0.00    14.21     0.00     0.00     0.00     0.00
J0501-0159       0.00     0.00     0.00    13.23    15.32     0.00     0.00     0.00
J0409+1217       0.00     0.00     0.00    39.51     0.00     0.00     0.00     0.00
J0625+1440       0.00     0.00     0.00     0.00     2.95     0.00     0.00     0.00
J1830+0619       0.00     0.00     0.00    53.22    52.37     0.00     0.00     0.00
J1832-2039       0.00     0.00     0.00     0.00    36.09     0.00     0.00     0.00
J1700-2610       0.00     0.00     0.00    40.13    20.19     0.00     0.00     0.00
J1743-0350       0.00     0.00     0.00    15.06    10.08     0.00     0.00     0.00
J1951-0509       0.00     0.00     0.00    17.35     0.00     0.00     0.00     0.00
J1336-0829       0.00     0.00     0.00    11.29     4.23     0.00     0.00     0.00
J2309-3059       0.00     0.00     0.00     2.82     0.00     0.00     0.00     0.00
J0121+1149       0.00     0.00     0.00     4.03     4.44     0.00     0.00     0.00
J1339-2620       0.00     0.00     0.00     2.82     0.00     0.00     0.00     0.00
J2321+2732       0.00     0.00     0.00     0.71     0.00     0.00     0.00     0.00
J0152+2207       0.00     0.00     0.00     3.23     5.64     0.00     0.00     0.00
J1742-1517       0.00     0.00     0.00     6.55    12.77     0.00     0.00     0.00
J1832-1035       0.00     0.00     0.00    79.46    16.93     0.00     0.00     0.00
J2158-3013       0.00     0.00     0.00     1.21     1.61     0.00     0.00     0.00
J1824+0119       0.00     0.00     0.00    29.03     0.00     0.00     0.00     0.00
J2339-3310       0.00     0.00     0.00     3.45     0.00     0.00     0.00     0.00
J0329-2357       0.00     0.00     0.00     5.24    56.92     0.00     0.00     0.00
J1147-0724       0.00     0.00     0.00     9.63     8.57     0.00     0.00     0.00
J1239+0730       0.00     0.00     0.00    17.84     8.00     0.00     0.00     0.00
J1303-5540       0.00     0.00     0.00     1.21    20.47     0.00     0.00     0.00
J1820-2528       0.00     0.00     0.00    14.11     0.00     0.00     0.00     0.00
J1933-6942       0.00     0.00     0.00     2.42     1.61     0.00     0.00     0.00
J1955+1358       0.00     0.00     0.00    29.97    21.28     0.00     0.00     0.00
J1224+2122       0.00     0.00     0.00     0.00     1.61     0.00     0.00     0.00
J2253+1608       0.00     0.00     0.00    32.32   180.86     0.00     0.00     0.00
J1038-2151       0.00     0.00     0.00     1.29     0.00     0.00     0.00     0.00
J1136-6827       0.00     0.00     0.00     0.81     0.81     0.00     0.00     0.00
J1956-3225       0.00     0.00     0.00     1.21     0.00     0.00     0.00     0.00
J0453-2807       0.00     0.00     0.00     4.44    19.35     0.00     0.00     0.00
J1536-3151       0.00     0.00     0.00     4.00     0.00     0.00     0.00     0.00
J0552+0313       0.00     0.00     0.00    57.66    52.96     0.00     0.00     0.00
J0038-2459       0.00     0.00     0.00    52.55   127.86     0.00     0.00     0.00
J1938+0448       0.00     0.00     0.00     0.00    17.66     0.00     0.00     0.00
J1215+1654       0.00     0.00     0.00    67.13    10.58     0.00     0.00     0.00
J2139+1423       0.00     0.00     0.00     0.94     0.00     0.00     0.00     0.00
J1108+0811       0.00     0.00     0.00    15.32     0.00     0.00     0.00     0.00
J0058-3234       0.00     0.00     0.00     4.94     2.35     0.00     0.00     0.00
J1438-3122       0.00     0.00     0.00     0.00    10.89     0.00     0.00     0.00
J0519-4546       0.00     0.00     0.00   283.50   410.07     0.00     0.00     0.00
J0403-3605       0.00     0.00     0.00     0.00     3.63     0.00     0.00     0.00
J1424-6807       0.00     0.00     0.00     2.96    12.90     0.00     0.00     0.00
J2226+0052       0.00     0.00     0.00    73.68    34.27     0.00     0.00     0.00
J1227-4436       0.00     0.00     0.00     3.23     0.00     0.00     0.00     0.00
J0040+0125       0.00     0.00     0.00     4.03     3.29     0.00     0.00     0.00
J0406-3826       0.00     0.00     0.00     0.00     2.82     0.00     0.00     0.00
J2015+3710       0.00     0.00     0.00     4.84     1.21     0.00     0.00     0.00
J0336-1302       0.00     0.00     0.00    22.98     0.00     0.00     0.00     0.00
J2235-4835       0.00     0.00     0.00     0.00     9.33     0.00     0.00     0.00
J0544+1118       0.00     0.00     0.00     1.41     0.00     0.00     0.00     0.00
J1751-1950       0.00     0.00     0.00     2.22     8.57     0.00     0.00     0.00
J1246-0730       0.00     0.00     0.00     4.03     1.41     0.00     0.00     0.00
J2050+3619       0.00     0.00     0.00     2.02     0.00     0.00     0.00     0.00
J0853+0654       0.00     0.00     0.00     4.44     8.22     0.00     0.00     0.00
J1713-3418       0.00     0.00     0.00     5.64     0.00     0.00     0.00     0.00
J1159-0940       0.00     0.00     0.00     7.53     0.00     0.00     0.00     0.00
J1132-5606       0.00     0.00     0.00     4.44     6.45     0.00     0.00     0.00
J1307-5019       0.00     0.00     0.00    21.50    11.29     0.00     0.00     0.00
J2359-3133       0.00     0.00     0.00    27.82    25.47     0.00     0.00     0.00
J0327-1803       0.00     0.00     0.00     8.47     0.00     0.00     0.00     0.00
J0440-6952       0.00     0.00     0.00     6.45    16.68     0.00     0.00     0.00
J0319+4130       0.00     0.00     0.00     4.84     0.00     0.00     0.00     0.00
J0701-4634       0.00     0.00     0.00    40.77    39.00     0.00     0.00     0.00
J1534-2243       0.00     0.00     0.00     1.21     0.00     0.00     0.00     0.00
J2206-0031       0.00     0.00     0.00     0.00    35.23     0.00     0.00     0.00
J0040-0146       0.00     0.00     0.00     1.06     2.80     0.00     0.00     0.00
J0552+1913       0.00     0.00     0.00     2.42     0.00     0.00     0.00     0.00
J0152+3716       0.00     0.00     0.00     1.21     0.00     0.00     0.00     0.00
J0243-0550       0.00     0.00     0.00    11.29    16.40     0.00     0.00     0.00
J0725-2640       0.00     0.00     0.00    11.34     0.00     0.00     0.00     0.00
J1728+0427       0.00     0.00     0.00     1.21     0.00     0.00     0.00     0.00
J1019-6047       0.00     0.00     0.00     0.00     9.74     0.00     0.00     0.00
J1051+2027       0.00     0.00     0.00     1.76     0.00     0.00     0.00     0.00
J1711-3744       0.00     0.00     0.00    32.29     0.00     0.00     0.00     0.00
J0559-1817       0.00     0.00     0.00     6.45     0.00     0.00     0.00     0.00
J0327-2202       0.00     0.00     0.00    33.87     0.00     0.00     0.00     0.00
J2057-3734       0.00     0.00     0.00     6.08     0.00     0.00     0.00     0.00
J0050-0929       0.00     0.00     0.00     2.62     0.00     0.00     0.00     0.00
J1329+3154       0.00     0.00     0.00     6.85     0.00     0.00     0.00     0.00
J0253-5441       0.00     0.00     0.00    10.92    18.38     0.00     0.00     0.00
J0502+1338       0.00     0.00     0.00     3.68     0.00     0.00     0.00     0.00
J2011-1546       0.00     0.00     0.00     3.21     0.00     0.00     0.00     0.00
J1420-0642       0.00     0.00     0.00     1.88     0.00     0.00     0.00     0.00
J1353+1435       0.00     0.00     0.00     0.00     2.82     0.00     0.00     0.00
J1221+2813       0.00     0.00     0.00     7.06     0.00     0.00     0.00     0.00
J1912-0804       0.00     0.00     0.00    57.39     0.00     0.00     0.00     0.00
J1733-1304       0.00     0.00     0.00    92.46   147.48     0.00     0.00     0.00
J1150+2417       0.00     0.00     0.00     8.27     9.68     0.00     0.00     0.00
J0547+1223       0.00     0.00     0.00     0.00     2.62     0.00     0.00     0.00
J0648-1744       0.00     0.00     0.00     0.00     3.48     0.00     0.00     0.00
J1058+0133       0.00     0.00     0.00    27.46   227.92     0.00     0.00     0.00
J0731-2341       0.00     0.00     0.00     0.81     0.00     0.00     0.00     0.00
J1028-0236       0.00     0.00     0.00     6.85    56.04     0.00     0.00     0.00
J0059+0006       0.00     0.00     0.00     1.61     0.00     0.00     0.00     0.00
J0550+2326       0.00     0.00     0.00     2.82     0.00     0.00     0.00     0.00
J1421-4820       0.00     0.00     0.00     2.42     0.00     0.00     0.00     0.00
J2232+1143       0.00     0.00     0.00    11.09    88.19     0.00     0.00     0.00
J1708+0035       0.00     0.00     0.00     3.23     0.00     0.00     0.00     0.00
J1351-2912       0.00     0.00     0.00     5.64    47.71     0.00     0.00     0.00
J2323-0617       0.00     0.00     0.00    29.84     0.00     0.00     0.00     0.00
J2114+2832       0.00     0.00     0.00     4.70     0.00     0.00     0.00     0.00
J1427-4206       0.00     0.00     0.00     9.88    25.48     0.00     0.00     0.00
J0112+3208       0.00     0.00     0.00     0.81     0.00     0.00     0.00     0.00
J1604-4441       0.00     0.00     0.00    20.16    38.01     0.00     0.00     0.00
J0117-2111       0.00     0.00     0.00     2.15     0.00     0.00     0.00     0.00
J0956+2515       0.00     0.00     0.00     9.17     4.18     0.00     0.00     0.00
J0303-6211       0.00     0.00     0.00    16.80    11.83     0.00     0.00     0.00
J0339-0146       0.00     0.00     0.00    13.69    44.32     0.00     0.00     0.00
J0916+3854       0.00     0.00     0.00     0.00     4.84     0.00     0.00     0.00
J2257+0743       0.00     0.00     0.00    22.58     0.00     0.00     0.00     0.00
J1812-0648       0.00     0.00     0.00     1.50     0.00     0.00     0.00     0.00
J1550+0527       0.00     0.00     0.00    15.38    20.63     0.00     0.00     0.00
J0326-3243       0.00     0.00     0.00    54.95     0.00     0.00     0.00     0.00
J1208-7809       0.00     0.00     0.00     9.27     0.00     0.00     0.00     0.00
J0449+1121       0.00     0.00     0.00     1.76     0.00     0.00     0.00     0.00
J1629-1720       0.00     0.00     0.00     3.29     0.00     0.00     0.00     0.00
J2320+0513       0.00     0.00     0.00    12.50     7.53     0.00     0.00     0.00
J0854+2006       0.00     0.00     0.00   152.29   184.21     0.00     0.00     0.00
J0654-1053       0.00     0.00     0.00     5.97     9.74     0.00     0.00     0.00
J1404-0013       0.00     0.00     0.00     0.00     1.88     0.00     0.00     0.00
J1147-6753       0.00     0.00     0.00    47.04    17.49     0.00     0.00     0.00
J0601-7036       0.00     0.00     0.00   331.56    10.24     0.00     0.00     0.00
J1717-5155       0.00     0.00     0.00     0.00     2.82     0.00     0.00     0.00
J0748-1639       0.00     0.00     0.00     0.00     3.23     0.00     0.00     0.00
J2236-1433       0.00     0.00     0.00    12.25    11.68     0.00     0.00     0.00
J0702-1951       0.00     0.00     0.00    16.93     3.23     0.00     0.00     0.00
J1730+0024       0.00     0.00     0.00     6.45     4.84     0.00     0.00     0.00
J0439+3045       0.00     0.00     0.00    24.11     0.00     0.00     0.00     0.00
J0336-2644       0.00     0.00     0.00     1.60     0.00     0.00     0.00     0.00
J0011-1434       0.00     0.00     0.00     0.00     5.24     0.00     0.00     0.00
J0531-4827       0.00     0.00     0.00     5.64    48.87     0.00     0.00     0.00
J1557-0001       0.00     0.00     0.00    25.44     0.00     0.00     0.00     0.00
J0650-1637       0.00     0.00     0.00     1.61     0.00     0.00     0.00     0.00
J1011-0423       0.00     0.00     0.00     4.03     0.00     0.00     0.00     0.00
J1813+2952       0.00     0.00     0.00     0.29     0.00     0.00     0.00     0.00
J1454-3747       0.00     0.00     0.00     6.45     0.00     0.00     0.00     0.00
J0004-1148       0.00     0.00     0.00    12.00     0.00     0.00     0.00     0.00
J1651+0129       0.00     0.00     0.00    47.98    45.16     0.00     0.00     0.00
J0418+3801       0.00     0.00     0.00     0.00     2.82     0.00     0.00     0.00
J1258-2219       0.00     0.00     0.00     0.00     9.68     0.00     0.00     0.00
J1322-6532       0.00     0.00     0.00     0.00     1.06     0.00     0.00     0.00
J1104-2431       0.00     0.00     0.00    26.41     2.02     0.00     0.00     0.00
J1446+1721       0.00     0.00     0.00     0.71    10.48     0.00     0.00     0.00
J0238+1636       0.00     0.00     0.00   206.82   168.14     0.00     0.00     0.00
J0112+3522       0.00     0.00     0.00    18.55     0.00     0.00     0.00     0.00
J0423-0120       0.00     0.00     0.00   425.06   376.05     0.00     0.00     0.00
J0946+1017       0.00     0.00     0.00    11.29     0.00     0.00     0.00     0.00
J0237+2848       0.00     0.00     0.00    39.41   110.33     0.00     0.00     0.00
J1825-5230       0.00     0.00     0.00     0.81     0.00     0.00     0.00     0.00
J2025+3343       0.00     0.00     0.00    67.40     0.00     0.00     0.00     0.00
J1018-3123       0.00     0.00     0.00     2.62     1.61     0.00     0.00     0.00
J1534-3526       0.00     0.00     0.00    86.82    17.55     0.00     0.00     0.00
J1532+2344       0.00     0.00     0.00    27.67     0.00     0.00     0.00     0.00
J2223-3137       0.00     0.00     0.00     4.03     0.00     0.00     0.00     0.00
J1042-4143       0.00     0.00     0.00    20.16     0.00     0.00     0.00     0.00
J1410+0203       0.00     0.00     0.00    23.89    36.07     0.00     0.00     0.00
J2051+1743       0.00     0.00     0.00    18.83    14.57     0.00     0.00     0.00
J0125-0005       0.00     0.00     0.00     8.47    38.04     0.00     0.00     0.00
J1647+2705       0.00     0.00     0.00     0.94     0.00     0.00     0.00     0.00
J0606-0724       0.00     0.00     0.00     5.64     0.00     0.00     0.00     0.00
J2151-2742       0.00     0.00     0.00     2.82     0.00     0.00     0.00     0.00
J1357-1527       0.00     0.00     0.00     0.81     0.00     0.00     0.00     0.00
J0522-3627       0.00     0.00     0.00    15.25    88.80     0.00     0.00     0.00
J0555+3948       0.00     0.00     0.00     0.81     0.00     0.00     0.00     0.00
J1419+2706       0.00     0.00     0.00     1.21     0.00     0.00     0.00     0.00
J2335-0131       0.00     0.00     0.00    25.91     0.00     0.00     0.00     0.00
J1047-6217       0.00     0.00     0.00    85.93    12.57     0.00     0.00     0.00
J0538-4405       0.00     0.00     0.00    96.22   209.53     0.00     0.00     0.00
J0549-5246       0.00     0.00     0.00    15.05     0.00     0.00     0.00     0.00
J1224+0330       0.00     0.00     0.00    12.72    13.62     0.00     0.00     0.00
J1126-3828       0.00     0.00     0.00    21.77     0.00     0.00     0.00     0.00
J0357+2319       0.00     0.00     0.00    22.58     0.00     0.00     0.00     0.00
J0702-1015       0.00     0.00     0.00    17.34     0.00     0.00     0.00     0.00
J0922-3959       0.00     0.00     0.00     0.00     6.45     0.00     0.00     0.00
J1408-2900       0.00     0.00     0.00    13.41     0.00     0.00     0.00     0.00
J1016+0513       0.00     0.00     0.00     0.71     0.00     0.00     0.00     0.00
J1930-6056       0.00     0.00     0.00     4.03     0.00     0.00     0.00     0.00
J0117+1418       0.00     0.00     0.00     7.66     1.61     0.00     0.00     0.00
J0739+0137       0.00     0.00     0.00     0.00    10.47     0.00     0.00     0.00
J2200+1030       0.00     0.00     0.00     1.41     0.00     0.00     0.00     0.00
J1946-5812       0.00     0.00     0.00    27.97     0.00     0.00     0.00     0.00
J2254+0054       0.00     0.00     0.00     2.02     2.15     0.00     0.00     0.00
J2057-0719       0.00     0.00     0.00     1.61     4.84     0.00     0.00     0.00
J1245-1616       0.00     0.00     0.00     3.63     4.47     0.00     0.00     0.00
J1112-5703       0.00     0.00     0.00     4.44     0.00     0.00     0.00     0.00
J2007+4029       0.00     0.00     0.00     0.00     4.99     0.00     0.00     0.00
J1419-0838       0.00     0.00     0.00    37.46     0.00     0.00     0.00     0.00
J2236+2828       0.00     0.00     0.00    12.03     3.29     0.00     0.00     0.00
J0440-4333       0.00     0.00     0.00     0.00     1.06     0.00     0.00     0.00
J1505+0326       0.00     0.00     0.00    21.62     6.82     0.00     0.00     0.00
J0529-2515       0.00     0.00     0.00     2.82     0.00     0.00     0.00     0.00
J0909+0121       0.00     0.00     0.00    22.93    81.74     0.00     0.00     0.00
J0757+0956       0.00     0.00     0.00     0.71     6.70     0.00     0.00     0.00
J1007-0207       0.00     0.00     0.00     0.00     2.92     0.00     0.00     0.00
J1059-1134       0.00     0.00     0.00     4.97     0.00     0.00     0.00     0.00
J1103+1158       0.00     0.00     0.00    10.89    17.68     0.00     0.00     0.00
J1625-2527       0.00     0.00     0.00    10.48   138.60     0.00     0.00     0.00
J1640-3727       0.00     0.00     0.00     7.48     0.00     0.00     0.00     0.00
J1337-6509       0.00     0.00     0.00     6.79     1.61     0.00     0.00     0.00
J0102-7546       0.00     0.00     0.00    16.53     0.00     0.00     0.00     0.00
J0040-3243       0.00     0.00     0.00    11.89     2.12     0.00     0.00     0.00
J1626-2951       0.00     0.00     0.00     6.00    36.68     0.00     0.00     0.00
J0607-6031       0.00     0.00     0.00     0.81     2.47     0.00     0.00     0.00
J1359+0159       0.00     0.00     0.00    16.03     8.37     0.00     0.00     0.00
J0532-0307       0.00     0.00     0.00    15.66     8.47     0.00     0.00     0.00
J1159+2914       0.00     0.00     0.00     0.00     0.94     0.00     0.00     0.00
J2315-5018       0.00     0.00     0.00     0.00     2.02     0.00     0.00     0.00
J0224+0659       0.00     0.00     0.00    15.50    47.12     0.00     0.00     0.00
J1553-2422       0.00     0.00     0.00    35.45    19.35     0.00     0.00     0.00
J1254-4424       0.00     0.00     0.00    45.73     9.68     0.00     0.00     0.00
J0942-0759       0.00     0.00     0.00     7.26     6.40     0.00     0.00     0.00
J1330-3122       0.00     0.00     0.00     0.00     9.68     0.00     0.00     0.00
J0402-3147       0.00     0.00     0.00     0.71     0.00     0.00     0.00     0.00
J1102+2757       0.00     0.00     0.00    23.05     0.00     0.00     0.00     0.00
J1827-0405       0.00     0.00     0.00     5.64     0.00     0.00     0.00     0.00
J1122+1805       0.00     0.00     0.00     1.21     0.00     0.00     0.00     0.00
J1232-0224       0.00     0.00     0.00     1.88     2.82     0.00     0.00     0.00
J1246-2547       0.00     0.00     0.00     0.94     9.88     0.00     0.00     0.00
J1329-5608       0.00     0.00     0.00     6.94    16.13     0.00     0.00     0.00
J1522+3144       0.00     0.00     0.00     5.75     0.00     0.00     0.00     0.00
J1107-4449       0.00     0.00     0.00   553.11   139.79     0.00     0.00     0.00
J0440+1437       0.00     0.00     0.00    93.48    46.79     0.00     0.00     0.00
J0700-6610       0.00     0.00     0.00    10.89     0.00     0.00     0.00     0.00
J0211+1051       0.00     0.00     0.00     1.41     1.41     0.00     0.00     0.00
J0336+3218       0.00     0.00     0.00   130.02   115.70     0.00     0.00     0.00
J1107-3043       0.00     0.00     0.00     0.00     2.02     0.00     0.00     0.00
J0103-6439       0.00     0.00     0.00     2.42    19.29     0.00     0.00     0.00
J0217+0144       0.00     0.00     0.00     5.14    57.77     0.00     0.00     0.00
J1326-5256       0.00     0.00     0.00     1.21    11.29     0.00     0.00     0.00
J0845-5458       0.00     0.00     0.00    18.42     0.00     0.00     0.00     0.00
J0231+1322       0.00     0.00     0.00     0.00     2.35     0.00     0.00     0.00
J0919-5340       0.00     0.00     0.00     2.15     0.00     0.00     0.00     0.00
J1354-1041       0.00     0.00     0.00    20.41     0.00     0.00     0.00     0.00
J0502+0609       0.00     0.00     0.00     2.02     0.00     0.00     0.00     0.00
J0441-5154       0.00     0.00     0.00     6.45     0.00     0.00     0.00     0.00
J1924-2914       0.00     0.00     0.00   190.13   327.99     0.00     0.00     0.00
J0037+1109       0.00     0.00     0.00     1.61     0.00     0.00     0.00     0.00
J1707+0148       0.00     0.00     0.00     0.00     1.61     0.00     0.00     0.00
J0831+0429       0.00     0.00     0.00     2.12     8.17     0.00     0.00     0.00
J1254-6111       0.00     0.00     0.00    17.92     9.48     0.00     0.00     0.00
J1118+1234       0.00     0.00     0.00     9.98     7.64     0.00     0.00     0.00
J0139+1753       0.00     0.00     0.00    22.43     0.00     0.00     0.00     0.00
J2056-3208       0.00     0.00     0.00    10.44     5.85     0.00     0.00     0.00
J2025-0735       0.00     0.00     0.00     2.32     2.69     0.00     0.00     0.00
J0512+2927       0.00     0.00     0.00    11.25     0.81     0.00     0.00     0.00
J1551-1755       0.00     0.00     0.00    47.30     0.00     0.00     0.00     0.00
J0112+2244       0.00     0.00     0.00     1.61     0.00     0.00     0.00     0.00
J1327+2210       0.00     0.00     0.00    18.03    19.03     0.00     0.00     0.00
J1321-2636       0.00     0.00     0.00     9.68     0.00     0.00     0.00     0.00
J0049+0237       0.00     0.00     0.00     0.00     3.29     0.00     0.00     0.00
J0547+2721       0.00     0.00     0.00     6.72     6.45     0.00     0.00     0.00
J2000-1325       0.00     0.00     0.00     1.21     2.12     0.00     0.00     0.00
J0151-1732       0.00     0.00     0.00     8.32     1.92     0.00     0.00     0.00
J2345-1555       0.00     0.00     0.00    23.50     7.96     0.00     0.00     0.00
J1037-2934       0.00     0.00     0.00   290.74   367.08     0.00     0.00     0.00
J1457-3539       0.00     0.00     0.00     6.05     0.00     0.00     0.00     0.00
J1316-3338       0.00     0.00     0.00     8.87     5.39     0.00     0.00     0.00
J1407-4302       0.00     0.00     0.00    10.48     7.46     0.00     0.00     0.00
J1209-2406       0.00     0.00     0.00     0.94    12.90     0.00     0.00     0.00
J0112-6634       0.00     0.00     0.00     0.00    25.80     0.00     0.00     0.00
J0613+1708       0.00     0.00     0.00     3.23     3.23     0.00     0.00     0.00
J2109+3532       0.00     0.00     0.00     3.23     0.00     0.00     0.00     0.00
J0542-0913       0.00     0.00     0.00    80.82     7.36     0.00     0.00     0.00
J2353-3037       0.00     0.00     0.00    10.89     0.00     0.00     0.00     0.00
J2146-1525       0.00     0.00     0.00     3.23    16.98     0.00     0.00     0.00
J1002+1216       0.00     0.00     0.00    26.16    26.71     0.00     0.00     0.00
J1522-2730       0.00     0.00     0.00     2.42     0.00     0.00     0.00     0.00
J1222+0413       0.00     0.00     0.00    10.99     7.85     0.00     0.00     0.00
J0643+0857       0.00     0.00     0.00    40.29    42.89     0.00     0.00     0.00
J1802-3940       0.00     0.00     0.00     4.50     2.02     0.00     0.00     0.00
J0710-3850       0.00     0.00     0.00     2.42     0.00     0.00     0.00     0.00
J1148+1840       0.00     0.00     0.00    18.60    41.33     0.00     0.00     0.00
J1957-3845       0.00     0.00     0.00     5.34    10.89     0.00     0.00     0.00
J0845+0439       0.00     0.00     0.00     9.00     0.00     0.00     0.00     0.00
J2056-4714       0.00     0.00     0.00     0.00    74.60     0.00     0.00     0.00
J0511-6806       0.00     0.00     0.00     3.23     0.00     0.00     0.00     0.00
J1305-2850       0.00     0.00     0.00     7.66     0.00     0.00     0.00     0.00
J0141-0928       0.00     0.00     0.00     4.74     9.73     0.00     0.00     0.00
J2042-2255       0.00     0.00     0.00     4.84     0.00     0.00     0.00     0.00
J1743-3058       0.00     0.00     0.00     0.00    24.31     0.00     0.00     0.00
J1130+0846       0.00     0.00     0.00    13.10     0.00     0.00     0.00     0.00
J1150-0023       0.00     0.00     0.00     9.61     9.41     0.00     0.00     0.00
J0153-3310       0.00     0.00     0.00     1.06     0.00     0.00     0.00     0.00
J0656-0323       0.00     0.00     0.00    44.22     0.00     0.00     0.00     0.00
J1121-0553       0.00     0.00     0.00     0.71     0.00     0.00     0.00     0.00
J0526-6749       0.00     0.00     0.00     4.84     0.00     0.00     0.00     0.00
J0536-3401       0.00     0.00     0.00    19.49     0.00     0.00     0.00     0.00
J0840+1312       0.00     0.00     0.00     3.63     0.00     0.00     0.00     0.00
J1922+1530       0.00     0.00     0.00    30.59     8.47     0.00     0.00     0.00
J0239+0416       0.00     0.00     0.00     2.82     0.00     0.00     0.00     0.00
J2056-5820       0.00     0.00     0.00    12.50     3.23     0.00     0.00     0.00
J1321-4342       0.00     0.00     0.00     7.66    35.88     0.00     0.00     0.00
J0635-7516       0.00     0.00     0.00    50.16    57.48     0.00     0.00     0.00
J0108+0135       0.00     0.00     0.00    21.76    55.40     0.00     0.00     0.00
J0045-3705       0.00     0.00     0.00    22.77     0.00     0.00     0.00     0.00
J1744-5144       0.00     0.00     0.00     1.21     0.00     0.00     0.00     0.00
J2131-1207       0.00     0.00     0.00     3.43     2.34     0.00     0.00     0.00
J1537+2300       0.00     0.00     0.00     6.45     0.00     0.00     0.00     0.00
J1146-2859       0.00     0.00     0.00     6.59     4.59     0.00     0.00     0.00
J0525-2338       0.00     0.00     0.00     1.21     0.00     0.00     0.00     0.00
J0342-3007       0.00     0.00     0.00    35.68    97.04     0.00     0.00     0.00
J0933-1139       0.00     0.00     0.00     3.23     0.00     0.00     0.00     0.00
J1703-6212       0.00     0.00     0.00     2.02     8.57     0.00     0.00     0.00
J2316+1618       0.00     0.00     0.00    10.15     0.00     0.00     0.00     0.00
J0050-0452       0.00     0.00     0.00     6.96     2.96     0.00     0.00     0.00
J1706-4600       0.00     0.00     0.00    44.82     4.84     0.00     0.00     0.00
J2134-0153       0.00     0.00     0.00    16.88    20.00     0.00     0.00     0.00
J1745-2900       0.00     0.00     0.00    11.32    19.09     0.00     0.00     0.00
J1829+3957       0.00     0.00     0.00    11.56     0.00     0.00     0.00     0.00
J0133-5200       0.00     0.00     0.00     0.81     1.63     0.00     0.00     0.00
J2243-0609       0.00     0.00     0.00    14.11     0.00     0.00     0.00     0.00
J0846-2607       0.00     0.00     0.00     0.00     2.42     0.00     0.00     0.00
J1225+1253       0.00     0.00     0.00     6.18     0.00     0.00     0.00     0.00
J0552+3754       0.00     0.00     0.00     0.00     2.28     0.00     0.00     0.00
J1101-6325       0.00     0.00     0.00     1.21     0.00     0.00     0.00     0.00
J0428-6438       0.00     0.00     0.00    18.14     0.00     0.00     0.00     0.00
J2229-0832       0.00     0.00     0.00     0.71    49.60     0.00     0.00     0.00
J2000-1748       0.00     0.00     0.00   102.31     9.58     0.00     0.00     0.00
J1641+2257       0.00     0.00     0.00     1.24     0.00     0.00     0.00     0.00
J0208-0047       0.00     0.00     0.00     0.71     2.35     0.00     0.00     0.00
J1604-2223       0.00     0.00     0.00     6.12     0.00     0.00     0.00     0.00
J2334+0736       0.00     0.00     0.00     2.82     4.23     0.00     0.00     0.00
J2151-3027       0.00     0.00     0.00    11.69     0.71     0.00     0.00     0.00
J2147+0929       0.00     0.00     0.00    11.49     0.00     0.00     0.00     0.00
J0022+0608       0.00     0.00     0.00    13.56     0.00     0.00     0.00     0.00
J0154+0823       0.00     0.00     0.00     2.02     0.00     0.00     0.00     0.00
J0010+1058       0.00     0.00     0.00     7.76     5.64     0.00     0.00     0.00
J0440+2728       0.00     0.00     0.00     7.98     0.00     0.00     0.00     0.00
J0517-0520       0.00     0.00     0.00    15.57     2.02     0.00     0.00     0.00
J2141-3729       0.00     0.00     0.00     8.87     1.21     0.00     0.00     0.00
J1336-3357       0.00     0.00     0.00    11.92     0.00     0.00     0.00     0.00
J1603-4904       0.00     0.00     0.00    35.08     0.00     0.00     0.00     0.00
J1103-3251       0.00     0.00     0.00     0.00    42.20     0.00     0.00     0.00
J0412+1856       0.00     0.00     0.00     2.82     0.00     0.00     0.00     0.00
J0057+3021       0.00     0.00     0.00    18.21     2.47     0.00     0.00     0.00
J0103+1526       0.00     0.00     0.00    11.83     0.00     0.00     0.00     0.00
J0529-0519       0.00     0.00     0.00    36.49     4.44     0.00     0.00     0.00
J1145-6954       0.00     0.00     0.00    88.02    12.23     0.00     0.00     0.00
J1540+1447       0.00     0.00     0.00     0.72     4.13     0.00     0.00     0.00
J1755-2232       0.00     0.00     0.00    28.38     0.00     0.00     0.00     0.00
J2358+3922       0.00     0.00     0.00     0.81     0.00     0.00     0.00     0.00
J0700+1709       0.00     0.00     0.00     1.21     5.64     0.00     0.00     0.00
J0940-6107       0.00     0.00     0.00     1.21     0.00     0.00     0.00     0.00
J1303+2433       0.00     0.00     0.00    21.77     0.00     0.00     0.00     0.00
J2246-1206       0.00     0.00     0.00     6.59    22.90     0.00     0.00     0.00
J0808+0514       0.00     0.00     0.00     2.02     0.00     0.00     0.00     0.00
J1218-0119       0.00     0.00     0.00    26.81    19.91     0.00     0.00     0.00
J0116-1136       0.00     0.00     0.00     1.61     0.00     0.00     0.00     0.00
J1342-2051       0.00     0.00     0.00     6.05     0.00     0.00     0.00     0.00
J0438+3004       0.00     0.00     0.00    81.26    68.59     0.00     0.00     0.00
J1157+1638       0.00     0.00     0.00    32.10     0.74     0.00     0.00     0.00
J0529-7245       0.00     0.00     0.00    66.88    84.21     0.00     0.00     0.00
J0730-1141       0.00     0.00     0.00     4.44    19.07     0.00     0.00     0.00
J1907+0127       0.00     0.00     0.00    11.29     0.00     0.00     0.00     0.00
J2217+2421       0.00     0.00     0.00     0.00     1.76     0.00     0.00     0.00
J0407+0742       0.00     0.00     0.00     4.44    57.20     0.00     0.00     0.00
J0422-0643       0.00     0.00     0.00     7.26     8.70     0.00     0.00     0.00
J0315-1031       0.00     0.00     0.00    10.89     0.00     0.00     0.00     0.00
J0516-6207       0.00     0.00     0.00    18.08    34.88     0.00     0.00     0.00
J0019+2021       0.00     0.00     0.00    17.34     5.64     0.00     0.00     0.00
J0051-4226       0.00     0.00     0.00     3.63     0.00     0.00     0.00     0.00
J0219+0120       0.00     0.00     0.00    27.42     0.00     0.00     0.00     0.00
J0948+0022       0.00     0.00     0.00   632.18   457.64     0.00     0.00     0.00
J1352-4412       0.00     0.00     0.00     4.84     0.00     0.00     0.00     0.00
J1908+1201       0.00     0.00     0.00     1.61     0.00     0.00     0.00     0.00
J1438-2204       0.00     0.00     0.00     1.21     0.00     0.00     0.00     0.00
J1834-0301       0.00     0.00     0.00    23.12     0.00     0.00     0.00     0.00
J1220-5604       0.00     0.00     0.00     1.41     0.00     0.00     0.00     0.00
J1905+0952       0.00     0.00     0.00    54.63     1.61     0.00     0.00     0.00
J1252-6737       0.00     0.00     0.00     5.64     0.00     0.00     0.00     0.00
J1928+0848       0.00     0.00     0.00     2.15     0.00     0.00     0.00     0.00
J0648-3044       0.00     0.00     0.00     6.05     0.00     0.00     0.00     0.00
J0056+1625       0.00     0.00     0.00     5.24     0.00     0.00     0.00     0.00
J0550-5732       0.00     0.00     0.00     9.27    51.66     0.00     0.00     0.00
J1058-8003       0.00     0.00     0.00    79.20    96.27     0.00     0.00     0.00
J1826-3650       0.00     0.00     0.00    19.62     1.88     0.00     0.00     0.00
J0725-0054       0.00     0.00     0.00    44.58    71.64     0.00     0.00     0.00
J1408-0752       0.00     0.00     0.00     5.64     2.82     0.00     0.00     0.00
J2343+2339       0.00     0.00     0.00    12.50     0.00     0.00     0.00     0.00
J1315-5334       0.00     0.00     0.00     4.03     0.00     0.00     0.00     0.00
J0922-0529       0.00     0.00     0.00    26.61     0.00     0.00     0.00     0.00
J0808-0751       0.00     0.00     0.00     0.94     0.00     0.00     0.00     0.00
J0422+3058       0.00     0.00     0.00     2.19     0.87     0.00     0.00     0.00
J0607-0834       0.00     0.00     0.00    78.88    81.55     0.00     0.00     0.00
J0839+0104       0.00     0.00     0.00    15.12    16.50     0.00     0.00     0.00
J0828-3731       0.00     0.00     0.00    11.42     4.03     0.00     0.00     0.00
J1753+2848       0.00     0.00     0.00     0.00     0.71     0.00     0.00     0.00
J2306-0459       0.00     0.00     0.00     2.35     0.00     0.00     0.00     0.00
J1230+2518       0.00     0.00     0.00    11.64     0.00     0.00     0.00     0.00
J1633-2557       0.00     0.00     0.00   142.97     0.00     0.00     0.00     0.00
J0407-1211       0.00     0.00     0.00     2.02     0.00     0.00     0.00     0.00
J0200+0322       0.00     0.00     0.00     0.00    10.24     0.00     0.00     0.00
J0830+2410       0.00     0.00     0.00     2.82    16.93     0.00     0.00     0.00
J0403+2600       0.00     0.00     0.00     6.45    16.44     0.00     0.00     0.00
J1254+1141       0.00     0.00     0.00    21.17     1.83     0.00     0.00     0.00
J1312-0424       0.00     0.00     0.00     5.54     0.00     0.00     0.00     0.00
J2346+0930       0.00     0.00     0.00     8.87     0.00     0.00     0.00     0.00
J0126-0120       0.00     0.00     0.00     0.00    12.24     0.00     0.00     0.00
J0017-0512       0.00     0.00     0.00     2.42    29.77     0.00     0.00     0.00
J2348-1631       0.00     0.00     0.00     0.00    15.03     0.00     0.00     0.00
J1337-1257       0.00     0.00     0.00    24.83   135.39     0.00     0.00     0.00
J1914+1636       0.00     0.00     0.00     3.23     0.00     0.00     0.00     0.00
J0030-4224       0.00     0.00     0.00     6.08     2.35     0.00     0.00     0.00
J0541-0211       0.00     0.00     0.00    68.90   104.82     0.00     0.00     0.00
J1006-5018       0.00     0.00     0.00     5.38     2.82     0.00     0.00     0.00
J0124-5113       0.00     0.00     0.00     5.24     5.54     0.00     0.00     0.00
J1952+2526       0.00     0.00     0.00     2.42     0.00     0.00     0.00     0.00
J0433+2905       0.00     0.00     0.00     6.85    37.70     0.00     0.00     0.00
J0143-3200       0.00     0.00     0.00    12.92    50.97     0.00     0.00     0.00
J2239-5701       0.00     0.00     0.00     3.23     7.26     0.00     0.00     0.00
J0215-0222       0.00     0.00     0.00    31.72    23.40     0.00     0.00     0.00
J1415+1320       0.00     0.00     0.00     4.44    23.62     0.00     0.00     0.00
J0516-7237       0.00     0.00     0.00     1.61     0.00     0.00     0.00     0.00
J1717-3342       0.00     0.00     0.00    72.54    61.36     0.00     0.00     0.00
J0051-0650       0.00     0.00     0.00     5.01     1.76     0.00     0.00     0.00
J0927-2034       0.00     0.00     0.00     9.27     0.00     0.00     0.00     0.00
J1155-5730       0.00     0.00     0.00     3.23     0.00     0.00     0.00     0.00
J1720-3552       0.00     0.00     0.00    13.51     0.00     0.00     0.00     0.00
J0437-7148       0.00     0.00     0.00     5.64     0.00     0.00     0.00     0.00
J1535-4730       0.00     0.00     0.00     2.82     0.00     0.00     0.00     0.00
J0118-2141       0.00     0.00     0.00     2.42     0.00     0.00     0.00     0.00
J0146-5202       0.00     0.00     0.00     1.21     0.00     0.00     0.00     0.00
J1555+1111       0.00     0.00     0.00     0.00     2.47     0.00     0.00     0.00
J0106-2718       0.00     0.00     0.00     8.87     4.77     0.00     0.00     0.00
J1834-5856       0.00     0.00     0.00     0.00     1.41     0.00     0.00     0.00
J0510+1800       0.00     0.00     0.00   706.09   842.46     0.00     0.00     0.00
J0217-0820       0.00     0.00     0.00    24.76   147.50     0.00     0.00     0.00
J2230-4416       0.00     0.00     0.00    11.56    12.70     0.00     0.00     0.00
J1925+2106       0.00     0.00     0.00     4.03     0.00     0.00     0.00     0.00
J1102-4404       0.00     0.00     0.00     8.87     0.00     0.00     0.00     0.00
J1911-2006       0.00     0.00     0.00     3.23    71.42     0.00     0.00     0.00
J1041+0610       0.00     0.00     0.00     0.81     9.98     0.00     0.00     0.00
J0429+2724       0.00     0.00     0.00     3.23     0.00     0.00     0.00     0.00
J1038+0512       0.00     0.00     0.00     1.21     6.12     0.00     0.00     0.00
J1653-1551       0.00     0.00     0.00    30.64     0.00     0.00     0.00     0.00
J0608-5456       0.00     0.00     0.00     6.59     1.06     0.00     0.00     0.00
J0506-6109       0.00     0.00     0.00     0.00     2.12     0.00     0.00     0.00
J0228-0337       0.00     0.00     0.00    35.28     0.00     0.00     0.00     0.00
J1848+3219       0.00     0.00     0.00     6.45     0.00     0.00     0.00     0.00
J1851+0035       0.00     0.00     0.00    26.95    21.44     0.00     0.00     0.00
J1903-6749       0.00     0.00     0.00     3.63     0.00     0.00     0.00     0.00
J2336-5236       0.00     0.00     0.00     3.63     0.94     0.00     0.00     0.00
J2101-2933       0.00     0.00     0.00    11.12     0.71     0.00     0.00     0.00
J1048-1909       0.00     0.00     0.00     1.61    33.26     0.00     0.00     0.00
J2018-0509       0.00     0.00     0.00     9.54     0.00     0.00     0.00     0.00
J1516+1932       0.00     0.00     0.00     3.93    25.69     0.00     0.00     0.00
J1512+0203       0.00     0.00     0.00     3.23     3.88     0.00     0.00     0.00
J0011-2612       0.00     0.00     0.00    24.33     0.00     0.00     0.00     0.00
J2139-4235       0.00     0.00     0.00     3.63     0.00     0.00     0.00     0.00
J0750+1231       0.00     0.00     0.00   128.93    62.87     0.00     0.00     0.00
J2327+1524       0.00     0.00     0.00    16.14     6.10     0.00     0.00     0.00
J2009-4849       0.00     0.00     0.00     0.00     3.53     0.00     0.00     0.00
J2039+2152       0.00     0.00     0.00     2.42     0.00     0.00     0.00     0.00
J0613+2604       0.00     0.00     0.00     1.21    12.50     0.00     0.00     0.00
J1452-6502       0.00     0.00     0.00     0.00    31.57     0.00     0.00     0.00
J1332+0200       0.00     0.00     0.00     1.92    12.47     0.00     0.00     0.00
J1939-1525       0.00     0.00     0.00     0.00     2.12     0.00     0.00     0.00
J2136+0041       0.00     0.00     0.00     7.76     8.47     0.00     0.00     0.00
J0149+1857       0.00     0.00     0.00     1.61     0.00     0.00     0.00     0.00
J1617-2537       0.00     0.00     0.00     2.02     0.00     0.00     0.00     0.00
J0642+3509       0.00     0.00     0.00     2.82     0.00     0.00     0.00     0.00
J0058+0620       0.00     0.00     0.00     9.58     0.00     0.00     0.00     0.00
J2004-6347       0.00     0.00     0.00     2.42     0.00     0.00     0.00     0.00
J1549+0237       0.00     0.00     0.00     3.76     0.00     0.00     0.00     0.00
J1148-7819       0.00     0.00     0.00    22.58     0.00     0.00     0.00     0.00
J0604-4225       0.00     0.00     0.00     1.06     0.00     0.00     0.00     0.00
J1657-2004       0.00     0.00     0.00     6.74     0.00     0.00     0.00     0.00
J0010+1724       0.00     0.00     0.00     3.06     0.00     0.00     0.00     0.00
J2126-4605       0.00     0.00     0.00     0.00     2.82     0.00     0.00     0.00
J1000+0005       0.00     0.00     0.00    20.43     0.00     0.00     0.00     0.00
J2035+1056       0.00     0.00     0.00     3.23     8.47     0.00     0.00     0.00
J2248-3235       0.00     0.00     0.00    49.47     8.82     0.00     0.00     0.00
J1935+2031       0.00     0.00     0.00    12.30    23.59     0.00     0.00     0.00
J0317-2803       0.00     0.00     0.00     1.65     0.00     0.00     0.00     0.00
J1531-5108       0.00     0.00     0.00     0.00     4.03     0.00     0.00     0.00
J0220+3241       0.00     0.00     0.00     4.23     1.61     0.00     0.00     0.00
J0231-4746       0.00     0.00     0.00     4.50     0.00     0.00     0.00     0.00
J0826-2230       0.00     0.00     0.00     0.00     2.76     0.00     0.00     0.00
J0149+0555       0.00     0.00     0.00     1.21     0.94     0.00     0.00     0.00
J0904-5735       0.00     0.00     0.00    24.70     4.84     0.00     0.00     0.00
J1822+1600       0.00     0.00     0.00     0.00     2.82     0.00     0.00     0.00
J1146+3958       0.00     0.00     0.00     1.41     0.00     0.00     0.00     0.00
J1432-1801       0.00     0.00     0.00     0.00     5.61     0.00     0.00     0.00
J2130+1643       0.00     0.00     0.00     2.82     0.00     0.00     0.00     0.00
J1408-5712       0.00     0.00     0.00     2.96     0.00     0.00     0.00     0.00
J2101+0341       0.00     0.00     0.00    13.53    23.62     0.00     0.00     0.00
J1636-4102       0.00     0.00     0.00     2.02    13.46     0.00     0.00     0.00
J0315-1656       0.00     0.00     0.00     2.77     0.00     0.00     0.00     0.00
J0631+2020       0.00     0.00     0.00    13.96     2.62     0.00     0.00     0.00
J0426+0518       0.00     0.00     0.00     0.00     4.23     0.00     0.00     0.00
J0530+1331       0.00     0.00     0.00     2.42     0.00     0.00     0.00     0.00
J1650-5044       0.00     0.00     0.00    21.77    64.54     0.00     0.00     0.00
J0334-4008       0.00     0.00     0.00   596.32   296.72     0.00     0.00     0.00
J1036-3744       0.00     0.00     0.00    51.48     5.55     0.00     0.00     0.00
J0532+0732       0.00     0.00     0.00    35.35    12.43     0.00     0.00     0.00
J2212+0646       0.00     0.00     0.00     2.35     0.00     0.00     0.00     0.00
J0202-0559       0.00     0.00     0.00     1.21     0.00     0.00     0.00     0.00
J1038-5311       0.00     0.00     0.00     0.00     9.74     0.00     0.00     0.00
J1825-0737       0.00     0.00     0.00     2.42     0.00     0.00     0.00     0.00
J1421-1931       0.00     0.00     0.00     1.21     0.00     0.00     0.00     0.00
J0746+2734       0.00     0.00     0.00     0.00     7.65     0.00     0.00     0.00
J0202-1948       0.00     0.00     0.00    39.77     0.00     0.00     0.00     0.00
J0439-4522       0.00     0.00     0.00     2.15    67.27     0.00     0.00     0.00
J1624-3213       0.00     0.00     0.00     3.12     0.00     0.00     0.00     0.00
J1424-7241       0.00     0.00     0.00     1.06     0.00     0.00     0.00     0.00
J2040-5735       0.00     0.00     0.00     0.00     1.88     0.00     0.00     0.00
J0703-0051       0.00     0.00     0.00     1.61     0.00     0.00     0.00     0.00
J1744-3116       0.00     0.00     0.00   489.54   178.05     0.00     0.00     0.00
J1130-1449       0.00     0.00     0.00     2.42     9.17     0.00     0.00     0.00
J0921-2618       0.00     0.00     0.00     0.00     1.61     0.00     0.00     0.00
J2222+1213       0.00     0.00     0.00     1.76     3.04     0.00     0.00     0.00
J0825+0309       0.00     0.00     0.00    35.87    36.25     0.00     0.00     0.00
J0513-2159       0.00     0.00     0.00     2.42     0.00     0.00     0.00     0.00
J0241-0815       0.00     0.00     0.00    49.25   131.67     0.00     0.00     0.00
J0541-0541       0.00     0.00     0.00    79.92    53.68     0.00     0.00     0.00
J1825-1718       0.00     0.00     0.00    21.92     0.00     0.00     0.00     0.00
J0141-0202       0.00     0.00     0.00     6.37     0.00     0.00     0.00     0.00
J1532-1319       0.00     0.00     0.00     2.22     3.23     0.00     0.00     0.00
J1924+1540       0.00     0.00     0.00    33.11     0.00     0.00     0.00     0.00
J0653-0625       0.00     0.00     0.00     1.61     0.00     0.00     0.00     0.00
J0849-3541       0.00     0.00     0.00     3.63     0.00     0.00     0.00     0.00
J1606+1814       0.00     0.00     0.00     3.63     0.00     0.00     0.00     0.00
J1610-3958       0.00     0.00     0.00   247.55   126.87     0.00     0.00     0.00
